Vernier Format 2
Sin título.cmbl 8/09/2026 13:54:51 .
Último
Tiempo	Angulo	Velocidad 1	Aceleración 1	Posición	Velocidad 2	Aceleración 2
t	Angulo	v 1	a 1	x	v 2	a 2
s	rad	rad/s	rad/s²	m	m/s	m/s²

0.05	-0.0872664625997	-2.09439510239	-0.813409620528	0.348488	0.147871111111	-0.0398578703704
0.1	-0.191986217719	-2.10893951283	-1.98234927387	0.3558625	0.146965972222	-0.0678854166667
0.15	-0.296705972839	-2.18166156499	-4.37786754042	0.3634085	0.142916666667	-0.0949443055556
0.2	-0.401425727959	-2.43376467917	-8.67008466384	0.37044	0.135008611111	-0.0762486882716
0.25	-0.523598775598	-3.04462991737	-13.1950123542	0.3767855	0.130435277778	0.015694367284
0.3	-0.698131700798	-3.84942062801	-15.6918028119	0.382788	0.138724444444	0.0186850308642
0.35	-0.907571211037	-4.71238898038	-15.5786796197	0.390334	0.147680555556	-0.311187808642
0.4	-1.16937059884	-5.52687596465	-12.3250411375	0.3987375	0.127481666667	-1.01216759259
0.45	-1.46607657168	-6.13774120285	-5.21982729995	0.4062835	0.0439230555556	-1.64449444444
0.5	-1.81514242207	-6.09895610836	2.6934093395	0.4042255	-0.0644077777778	-1.73336743827
0.55	-2.09439510239	-5.65292752174	6.38338013461	0.3983945	-0.148252222222	-1.40328287037
0.6	-2.37364778271	-5.27477285047	5.98475555236	0.388276	-0.206562222222	-0.977020679012
0.65	-2.61799387799	-4.98388464181	3.57146078417	0.3767855	-0.240671666667	-0.64053132716
0.7	-2.86233997327	-4.91601072645	0.883438263355	0.363923	-0.265253333333	-0.427585493827
0.75	-3.10668606855	-4.9354032737	-0.931919631466	0.34986	-0.2804025	-0.286097993827
0.8	-3.35103216383	-5.05175855716	-1.79381062011	0.335797	-0.292693333333	-0.144822222222
0.85	-3.61283155163	-5.16811384063	-1.49214877408	0.320705	-0.301935277778	0.166312654321
0.9	-3.87463093943	-5.17781011425	-1.03426918637	0.304927	-0.290787777778	0.758622839506
0.95	-4.11897703471	-5.3329504922	1.04504282373	0.2893205	-0.230953333333	1.414875
1	-4.41568300755	-5.27477285047	6.57730560705	0.279888	-0.131388055556	1.70144938272
1.05	-4.67748239534	-4.64451506503	11.1776487589	0.2766295	-0.0376347222222	1.51025864198
1.1	-4.88692190558	-3.86881317525	10.2349554901	0.2776585	0.0265825	1.13814598765
1.15	-5.04400153826	-3.4518734095	5.55381005804	0.280231	0.0686952777778	0.882536882716
1.2	-5.21853446346	-3.35491067328	1.11507146655	0.2845185	0.106996944444	0.790329166667
1.25	-5.37561409614	-3.40339204139	-1.96618881783	0.290864	0.145584444444	0.763175
1.3	-5.55014702134	-3.6264063347	-3.29673303154	0.299096	0.183790833333	0.731627469136
1.35	-5.74213323906	-3.8009392599	-3.11896801514	0.3092145	0.221330277778	0.643072067901
1.4	-5.93411945678	-3.91729454337	-2.89272163062	0.3215625	0.2512475	0.482634876543
1.45	-6.1261056745	-4.12091628943	-2.04160427934	0.334768	0.271160555556	0.271224074074
1.5	-6.35299847726	-4.19848647841	-0.183151835086	0.3490025	0.280688333333	-0.000105864197531
1.55	-6.5624379875	-4.01425727959	-0.603323692047	0.3634085	0.275162222222	-0.345752469136
1.6	-6.7369709127	-4.13061256305	-3.17822302061	0.377643	0.245530833333	-0.679383487654
1.65	-6.96386371546	-4.45058959259	-3.6684235204	0.3884475	0.202274722222	-0.914613734568
1.7	-7.19075651822	-4.62512251778	-1.80458425746	0.3980515	0.151968055556	-1.08304367284
1.75	-7.4351026135	-4.63481879141	0.328595939418	0.4042255	0.0904186111111	-1.15857777778
1.8	-7.66199541626	-4.48937468707	0.824183257886	0.4069695	0.0306794444444	-1.11654969136
1.85	-7.87143492649	-4.52815978156	0.878051444676	0.4069695	-0.0230572222222	-1.01740787037
1.9	-8.11578102177	-4.52815978156	2.88733481194	0.4045685	-0.0723158333333	-0.879413888889
1.95	-8.34267382453	-4.21787902565	4.37948358602	0.3994235	-0.113380555556	-0.701614969136
2	-8.53466004225	-3.94638336423	3.27518575683	0.3925635	-0.141011111111	-0.55652808642
2.05	-8.72664625997	-3.85911690163	1.27667602692	0.385189	-0.164544722222	-0.497191203704
2.1	-8.91863247769	-3.84942062801	-0.447105950357	0.376271	-0.1895075	-0.469878240741
2.15	-9.11061869541	-3.89790199612	-2.16550110896	0.3661525	-0.212755277778	-0.426791512346
2.2	-9.30260491313	-4.0627386477	-3.7438389819	0.3548335	-0.232668333333	-0.369042592593
2.25	-9.51204442337	-4.3245380355	-4.29329448716	0.3428285	-0.250294722222	-0.286733179012
2.3	-9.73893722613	-4.52815978156	-4.08859537736	0.329623	-0.263538333333	-0.135770833333
2.35	-9.96583002889	-4.72208525401	-3.82464126209	0.316246	-0.268873888889	0.151597530864
2.4	-10.2101761242	-4.91601072645	-3.09203392174	0.3023545	-0.259441388889	0.662656944444
2.45	-10.4545222194	-5.11963247252	-0.533295049221	0.288463	-0.209611111111	1.28153904321
2.5	-10.7337748998	-5.07115110441	3.88389626756	0.2793735	-0.118716111111	1.63390802469
2.55	-10.978120995	-4.68330015952	7.27220521664	0.2766295	-0.0253438888889	1.55540972222
2.6	-11.2050137978	-4.20818275203	7.75163207907	0.2780015	0.0461144444444	1.25062669753
2.65	-11.3970000155	-3.78154671265	5.38681867899	0.2821175	0.0970880555556	0.96638132716
2.7	-11.5715329407	-3.60701378745	1.6160456037	0.28812	0.136723611111	0.801550771605
2.75	-11.7460658659	-3.67488770281	-1.24435511485	0.2958375	0.173310277778	0.729933641975
2.8	-11.9380520836	-3.81063553352	-2.5641256912	0.3054415	0.209325277778	0.67784845679
2.85	-12.1300383014	-3.92699081699	-3.54991350946	0.316932	0.241815	0.606019598765
2.9	-12.3220245191	-4.17909393116	-4.10475583339	0.329623	0.272399166667	0.470672222222
2.95	-12.5489173218	-4.4118044981	-3.58223442153	0.3445435	0.293646111111	0.222791203704
3	-12.7758101246	-4.46998213983	-4.20171856962	0.3596355	0.298886388889	-0.134712191358
3.05	-12.9852496348	-4.72208525401	-6.2056151182	0.3750705	0.285356944444	-0.602367283951
3.1	-13.2295957301	-5.25538030323	-4.83197635506	0.3894765	0.241338611111	-1.10024660494
3.15	-13.526301703	-5.46869832292	1.4113464939	0.400624	0.167117222222	-1.41005817901
3.2	-13.8055543833	-5.10993619889	7.5900275187	0.406455	0.0856547222222	-1.40603533951
3.25	-14.0499004786	-4.46998213983	9.15759175429	0.408513	0.0170547222222	-1.18467330247
3.3	-14.2418866963	-3.99486473234	6.45879559611	0.4073125	-0.0331566666667	-0.930705092593
3.35	-14.433872914	-3.83002808077	3.16744938325	0.40474	-0.0714583333333	-0.759840277778
3.4	-14.6258591317	-3.72336907092	0.554842323936	0.4001095	-0.106044166667	-0.665621141975
3.45	-14.8003920569	-3.76215416541	-1.90154699369	0.3939355	-0.136437777778	-0.620470061728
3.5	-14.9923782746	-3.9754721851	-2.99507118552	0.3863895	-0.165592777778	-0.624810493827
3.55	-15.2018177849	-4.14030883668	-2.54257841649	0.377643	-0.19894	-0.623593055556
3.6	-15.4112572951	-4.21787902565	-2.12240655952	0.3664955	-0.231620277778	-0.546841512346
3.65	-15.6206968053	-4.33423430912	-2.05776473538	0.3541475	-0.256868888889	-0.396302623457
3.7	-15.8475896081	-4.40210822447	-2.55335205384	0.3404275	-0.272970833333	-0.19463132716
3.75	-16.0570291183	-4.55724860243	-3.69535761379	0.3263645	-0.277258333333	0.0531967592593
3.8	-16.3013752136	-4.77056662212	-4.5895695145	0.312473	-0.2718275	0.405777469136
3.85	-16.5282680164	-5.07115110441	-4.04550082792	0.29841	-0.245149722222	0.915778240741
3.9	-16.8075206967	-5.34264676583	-0.290888208666	0.2862335	-0.181313611111	1.42249722222
3.95	-17.086773377	-5.14872129338	4.34716267395	0.2790305	-0.0904186111111	1.6634441358
4	-17.3311194723	-4.7608703485	6.30257785442	0.2773155	0.000285833333333	1.57414768519
4.05	-17.5580122751	-4.4118044981	5.92550054689	0.279888	0.0743166666667	1.30149444444
4.1	-17.7674517853	-4.15970138392	4.74578725619	0.2855475	0.129577777778	1.0205837963
4.15	-17.9768912955	-3.90759826974	2.76343798232	0.293265	0.173024444444	0.807108641975
4.2	-18.1514242207	-3.81063553352	-0.441719131678	0.303212	0.207419722222	0.662656944444
4.25	-18.3434104385	-3.99486473234	-2.82807980647	0.314188	0.236860555556	0.571349074074
4.3	-18.5528499487	-4.17909393116	-3.63071578964	0.326879	0.264872222222	0.473689351852
4.35	-18.7622894589	-4.36332312999	-4.25019993773	0.340942	0.286690833333	0.31383441358
4.4	-18.9891822617	-4.56694487605	-5.47839459654	0.3558625	0.299934444444	0.0458391975309
4.45	-19.2160750645	-4.85783308472	-7.26143157928	0.3712975	0.299648611111	-0.410276697531
4.5	-19.4604211597	-5.38143186032	-6.86280699704	0.3870755	0.2683975	-1.03540478395
4.55	-19.7571271326	-5.79837162607	-1.63220605974	0.400281	0.192175277778	-1.55323950617
4.6	-20.0712863979	-5.61414242725	4.89661817921	0.4073125	0.0937533333333	-1.67069583333
4.65	-20.3330857857	-5.10993619889	7.67621661757	0.408856	0.00876555555556	-1.43483040123
4.7	-20.577431881	-4.65421133865	6.44802195876	0.4069695	-0.05145	-1.12083719136
4.75	-20.7868713913	-4.42150077172	3.85157535548	0.4031965	-0.0973738888889	-0.902174691358
4.8	-21.013764194	-4.33423430912	2.19243520235	0.397194	-0.138819722222	-0.754282407407
4.85	-21.2232037043	-4.22757529928	1.0504296424	0.388962	-0.1723575	-0.636667283951
4.9	-21.4326432145	-4.20818275203	-0.398624582246	0.379701	-0.200464444444	-0.563938580247
4.95	-21.6420827247	-4.24696784652	-2.21398247707	0.3688965	-0.227046944444	-0.521698765432
5	-21.851522235	-4.42150077172	-4.04011400925	0.357063	-0.253629444444	-0.457174537037
5.05	-22.0784150377	-4.70269270676	-4.77272134959	0.343343	-0.275829166667	-0.317751388889
5.1	-22.322761133	-4.97418836818	-4.04550082793	0.3291085	-0.2889775	-0.0684941358025
5.15	-22.5845605208	-5.10023992527	-3.10819437778	0.314188	-0.2906925	0.370365895062
5.2	-22.8289066161	-5.26507657685	-2.08469882877	0.2989245	-0.263347777778	1.020425
5.25	-23.1081592964	-5.4202169548	1.01272191165	0.2855475	-0.187411388889	1.61612283951
5.3	-23.3874119767	-5.24568402961	5.32217685485	0.278859	-0.0828916666667	1.82139351852
5.35	-23.6492113645	-4.7608703485	7.10521383759	0.27783	0.0131483333333	1.63427854938
5.4	-23.8586508748	-4.34393058274	5.10670410769	0.2814315	0.0844161111111	1.32653132716
5.45	-24.068090385	-4.21787902565	2.00928336727	0.2869195	0.139486666667	1.1148558642
5.5	-24.2775298952	-4.19848647841	-0.387850944888	0.295323	0.191889444444	0.98654845679
5.55	-24.4869694055	-4.25666412014	-2.57489932856	0.306299	0.238956666667	0.85448287037
5.6	-24.6964089157	-4.45058959259	-4.4872199596	0.3195045	0.279163888889	0.680336265432
5.65	-24.9233017185	-4.78995916936	-4.89661817921	0.3345965	0.309462222222	0.433990277778
5.7	-25.1851011063	-4.99358091543	-4.37948358602	0.350889	0.327088611111	0.0687587962963
5.75	-25.4294472016	-5.10993619889	-5.3598845856	0.368039	0.323944444444	-0.461462037037
5.8	-25.6737932968	-5.56566105914	-5.03128864618	0.3846745	0.286786111111	-1.0891837963
5.85	-25.9879525622	-5.91472690954	0.721833702985	0.398566	0.209515833333	-1.57298317901
5.9	-26.3021118276	-5.57535733276	7.78395299115	0.4066265	0.111093888889	-1.66863148148
5.95	-26.5639112154	-4.85783308472	9.64779225408	0.408856	0.0267730555556	-1.4236617284
6	-26.7733507256	-4.36332312999	6.43186150272	0.4079985	-0.0315369444444	-1.13068256173
6.05	-26.9827902358	-4.21787902565	2.56951250988	0.405426	-0.0799380555556	-0.942350154321
6.1	-27.1922297461	-4.19848647841	0.285501389987	0.399938	-0.123765833333	-0.809966975309
6.15	-27.4016692563	-4.22757529928	-0.942693268824	0.392735	-0.160733611111	-0.699233024691
6.2	-27.6111087666	-4.3245380355	-1.44366740597	0.3836455	-0.192556388889	-0.615229783951
6.25	-27.8380015693	-4.37301940361	-1.96080199915	0.3733555	-0.220949166667	-0.557692592593
6.3	-28.0474410795	-4.46028586621	-3.49604532267	0.361522	-0.248008055556	-0.503119598765
6.35	-28.2743338823	-4.72208525401	-5.03667546486	0.348488	-0.272685	-0.407524228395
6.4	-28.5186799776	-5.02266973629	-5.52148914597	0.334082	-0.292693333333	-0.201406635802
6.45	-28.7804793654	-5.28446912409	-5.3598845856	0.3188185	-0.300315555556	0.197225
6.5	-29.0422787532	-5.59474988	-3.88928308623	0.3033835	-0.285833333333	0.852630246914
6.55	-29.338984726	-5.84685299418	0.872664625997	0.2879485	-0.221330277778	1.5906095679
6.6	-29.6531439914	-5.58505360638	6.85203335968	0.278859	-0.108807222222	1.95171234568
6.65	-29.9149433792	-4.97418836818	9.27610176523	0.277487	-0.000476388888889	1.7837058642
6.7	-30.1418361819	-4.46998213983	7.80550026586	0.2804025	0.0776513888889	1.39735447531
6.75	-30.3512756922	-4.17909393116	5.34372412956	0.286062	0.1346275	1.06287654321
6.8	-30.5607152024	-3.93668709061	2.68802252082	0.294294	0.178836388889	0.835744907407
6.85	-30.7352481276	-3.89790199612	-0.070028642827	0.304241	0.215041944444	0.687429166667
6.9	-30.9446876379	-3.99486473234	-1.8476788069	0.315903	0.247150555556	0.558010185185
6.95	-31.1366738556	-4.09182746856	-3.3344407623	0.32928	0.271636944444	0.412764506173
7	-31.3461133658	-4.33423430912	-4.6919190694	0.343343	0.289168055556	0.234012808642
7.05	-31.5730061686	-4.56694487605	-5.83392462935	0.358435	0.298695833333	-0.0467390432099
7.1	-31.7998989713	-4.87722563196	-7.04595883213	0.3736985	0.292693333333	-0.50290787037
7.15	-32.0442450666	-5.4202169548	-5.0528359209	0.388962	0.256106666667	-1.08939552469
7.2	-32.358404332	-5.62383870087	1.38979921918	0.40131	0.177883611111	-1.52931419753
7.25	-32.6376570123	-5.22629148236	6.95438291458	0.407484	0.0835586111111	-1.56139104938
7.3	-32.8820031076	-4.73178152763	8.68893852922	0.4086845	0.00695527777778	-1.26952345679
7.35	-33.1088959103	-4.24696784652	7.6169616121	0.4069695	-0.0439230555556	-0.931446141975
7.4	-33.3008821281	-3.90759826974	4.74578725619	0.403711	-0.0793663888889	-0.722840740741
7.45	-33.4928683458	-3.74276161817	1.04504282372	0.398909	-0.109950555556	-0.663662654321
7.5	-33.667401271	-3.78154671265	-3.03277891627	0.392735	-0.141296944444	-0.717706327161
7.55	-33.8593874887	-4.07243492132	-6.47495605215	0.3850175	-0.178550555556	-0.838020987654
7.6	-34.0688269989	-4.50876723432	-8.32263485905	0.3754135	-0.22638	-0.922394753086
7.65	-34.3131730942	-4.9354032737	-9.22223357844	0.362551	-0.277353611111	-0.856547222222
7.7	-34.5575191895	-5.43960950205	-9.50234814975	0.3472875	-0.3198475	-0.589451851852
7.75	-34.8542251623	-5.98260082489	-7.66005616153	0.329966	-0.345381944444	-0.0803509259259
7.8	-35.1683844277	-6.27348903356	-4.00779309717	0.311787	-0.341380277778	0.712783641975
7.85	-35.482543693	-6.45771823238	1.45444104333	0.2934365	-0.282308055556	1.62321574074
7.9	-35.8316095434	-6.22500766545	8.4896262381	0.280574	-0.162353333333	2.16259382716
7.95	-36.1283155163	-5.51717969103	13.2892816811	0.2769725	-0.0344905555556	2.05111882716
8	-36.3901149041	-4.65421133865	12.9660725603	0.2790305	0.0580241666667	1.58092299383
8.05	-36.5821011218	-4.02395355321	8.30647440301	0.2841755	0.118716111111	1.15280817901
8.1	-36.7740873395	-3.79124298628	2.63415433403	0.2913785	0.164163611111	0.898787037037
8.15	-36.9486202647	-3.85911690163	-1.19048692806	0.3006395	0.2049425	0.741843364198
8.2	-37.158059775	-4.01425727959	-2.71495661421	0.31213	0.239147222222	0.591092746914
8.25	-37.3500459927	-4.17909393116	-3.0273920976	0.3249925	0.263919444444	0.443147530864
8.3	-37.5769387954	-4.3245380355	-3.30211985022	0.3387125	0.282879722222	0.291497067901
8.35	-37.7863783057	-4.43119704534	-5.27369548674	0.3534615	0.295742222222	0.0635185185185
8.4	-38.0132711084	-4.73178152763	-9.12527084222	0.368725	0.2958375	-0.324791358025
8.45	-38.2401639112	-5.38143186032	-11.4739237863	0.383817	0.273161388889	-0.910326234568
8.5	-38.536869884	-6.23470393907	-6.86819381572	0.39788	0.209134722222	-1.5437117284
8.55	-38.903389027	-6.32197040167	2.55335205384	0.406798	0.1037575	-1.85442314815
8.6	-39.2000949998	-5.77897907883	8.40882395791	0.4079985	0.000571666666667	-1.69033364198
8.65	-39.4793476801	-5.18750638787	8.39805032055	0.4052545	-0.0725063888889	-1.33288317901
8.7	-39.7062404829	-4.81904799023	5.26830866806	0.4001095	-0.128053333333	-1.03079969136
8.75	-39.9505865782	-4.70269270676	2.39713431215	0.392049	-0.1715	-0.820129938272
8.8	-40.1774793809	-4.61542624416	0.204699109802	0.3826165	-0.2066575	-0.697274537037
8.85	-40.4043721837	-4.69299643314	-1.74532925199	0.3712975	-0.239051944444	-0.625975
8.9	-40.6487182789	-4.78026289574	-3.82464126209	0.3586065	-0.268588055556	-0.559862808642
8.95	-40.8756110817	-5.02266973629	-6.60962651913	0.3445435	-0.298028888889	-0.413187962963
9	-41.1374104695	-5.51717969103	-7.73008480436	0.3284225	-0.317846666667	-0.0689175925926
9.05	-41.4341164423	-5.91472690954	-6.05478419519	0.3119585	-0.314893055556	0.514341203704
9.1	-41.7308224152	-6.21531139182	-1.85845244425	0.2958375	-0.279545	1.32886033951
9.15	-42.0624349731	-6.27348903356	5.49455505257	0.2807455	-0.178455277778	2.01835385802
9.2	-42.3940475309	-5.64323124811	11.9964451981	0.276458	-0.0462097222222	2.0749382716
9.25	-42.6383936262	-4.7608703485	12.4704852419	0.278173	0.0510688888889	1.65312237654
9.3	-42.8478331365	-4.2372715729	9.24378085315	0.282975	0.117286944444	1.19250725309
9.35	-43.0572726467	-3.86881317525	5.81776417331	0.290521	0.1637825	0.844161111111
9.4	-43.2318055719	-3.63610260832	2.10085928481	0.299782	0.197891944444	0.59897962963
9.45	-43.4063384971	-3.68458397643	-0.91037235675	0.310758	0.221330277778	0.425468209877
9.5	-43.5983247148	-3.81063553352	-2.33787930668	0.3222485	0.237051111111	0.32929058642
9.55	-43.7903109325	-3.91729454336	-3.61455533361	0.334425	0.252009722222	0.279693209877
9.6	-43.9822971503	-4.15970138392	-5.2575350307	0.347459	0.266015555556	0.201883024691
9.65	-44.209189953	-4.4118044981	-7.60080115606	0.361179	0.276019722222	0.0123331790123
9.7	-44.4186294633	-4.81904799023	-10.9891101051	0.375242	0.276591388889	-0.397096604938
9.75	-44.6629755585	-5.67232006898	-10.5420041548	0.3898195	0.250008888889	-1.05874783951
9.8	-44.9945881164	-6.2928815808	-2.332492488	0.4028535	0.170070833333	-1.66995478395
9.85	-45.3436539668	-5.95351200403	6.83587290364	0.4083415	0.0591675	-1.8006970679
9.9	-45.6054533546	-5.24568402961	9.35690404541	0.407484	-0.0304888888889	-1.49729027778
9.95	-45.8497994499	-4.79965544298	7.02979837609	0.4038825	-0.0910855555556	-1.12697731481
10	-46.0766922527	-4.55724860243	4.00240627849	0.39788	-0.1363425	-0.874491203704
10.05	-46.3035850554	-4.42150077172	1.15816601598	0.389991	-0.173596111111	-0.742637345679
10.1	-46.5130245656	-4.43119704534	-1.7183951586	0.380387	-0.207515	-0.692775308642
10.15	-46.7399173684	-4.59603369692	-4.44951222885	0.3692395	-0.241243333333	-0.676472222222
10.2	-46.9668101712	-4.90631445283	-6.50189014555	0.356377	-0.276210277778	-0.622640277778
10.25	-47.228609559	-5.27477285047	-7.76779253511	0.341628	-0.309652777778	-0.41287037037
10.3	-47.4904089468	-5.73049771071	-7.69776389228	0.324821	-0.327565	0.048962191358
10.35	-47.8045682121	-6.1183486556	-5.51610232729	0.308014	-0.318513611111	0.802291820988
10.4	-48.101274185	-6.42862941151	-0.220859565839	0.2906925	-0.256678333333	1.69430354938
10.45	-48.4677933279	-6.2928815808	7.66544298021	0.279202	-0.131959722222	2.20996805556
10.5	-48.7644993007	-5.49778714378	12.2765597694	0.277487	-0.00314416666667	2.05773533951
10.55	-49.008845396	-4.79965544298	11.495471061	0.280917	0.0878461111111	1.55937962963
10.6	-49.2357381988	-4.26636039376	8.34956895244	0.287434	0.149490833333	1.07134567901
10.65	-49.4277244165	-3.94638336423	4.47105950357	0.296695	0.18865	0.715694907407
10.7	-49.6197106342	-3.85911690163	1.32515739503	0.3068135	0.214660833333	0.514605864198
10.75	-49.8116968519	-3.85911690163	-0.921145994108	0.318304	0.2358125	0.42102191358
10.8	-50.0036830696	-3.93668709061	-3.19977029532	0.3304805	0.2546775	0.375553240741
10.85	-50.1956692874	-4.18879020479	-5.37604504164	0.343686	0.274114166667	0.301077777778
10.9	-50.4225620901	-4.4990709607	-7.26681839796	0.3579205	0.290787777778	0.0795569444444
10.95	-50.6494548929	-4.81904799023	-10.1433795725	0.3733555	0.29155	-0.361102777778
11	-50.8763476956	-5.59474988	-10.4665886933	0.3881045	0.264395833333	-0.991153549383
11.05	-51.2079602535	-6.2928815808	-2.79037207572	0.4018245	0.1929375	-1.5908742284
11.1	-51.5570261039	-6.02138591938	7.52538569456	0.409199	0.08575	-1.78095339506
11.15	-51.8362787842	-5.19720266149	11.4793106049	0.409542	-0.00733638888889	-1.51428148148
11.2	-52.063171587	-4.54755232881	8.63507034243	0.406798	-0.0683141666667	-1.14624459877
11.25	-52.2726110972	-4.27605666739	3.73306534454	0.4021675	-0.113571111111	-0.912496450617
11.3	-52.4820506075	-4.24696784652	-0.0592550054687	0.395479	-0.1552075	-0.784083179012
11.35	-52.6914901177	-4.36332312999	-2.1277933782	0.3863895	-0.191317777778	-0.696215895062
11.4	-52.9183829205	-4.50876723432	-3.12435483382	0.3760995	-0.222759444444	-0.651011882716
11.45	-53.1452757232	-4.63481879141	-4.66498497601	0.364266	-0.255630277778	-0.611789197531
11.5	-53.372168526	-4.94509954732	-6.55037151366	0.350546	-0.287357777778	-0.491950925926
11.55	-53.6339679138	-5.36203931307	-7.03518519477	0.335111	-0.310129166667	-0.222579475309
11.6	-53.9132205941	-5.72080143709	-5.76389598652	0.3191615	-0.318608888889	0.276570216049
11.65	-54.2099265669	-5.97290455127	-3.02739209759	0.3023545	-0.298791111111	1.08108518519
11.7	-54.5066325398	-6.17652629734	2.65031479007	0.286062	-0.21266	1.88067746914
11.75	-54.8556983902	-5.81776417331	9.78246272105	0.2790305	-0.0839397222222	2.13591604938
11.8	-55.117497778	-4.92570700007	11.6516888027	0.278859	0.0264872222222	1.84463070988
11.85	-55.3269372882	-4.37301940361	8.01558619434	0.2831465	0.106139444444	1.372
11.9	-55.5363767985	-4.16939765754	4.3848704047	0.290521	0.158923333333	0.965746141975
11.95	-55.7458163087	-4.02395355321	2.14395383424	0.2996105	0.196081666667	0.705002623457
12	-55.9378025264	-3.93668709061	-0.0377077307529	0.310415	0.224950833333	0.554940123457
12.05	-56.1297887441	-4.03364982683	-1.87999971897	0.3222485	0.2495325	0.457756790123
12.1	-56.3392282544	-4.17909393116	-2.80114571308	0.335454	0.271065277778	0.351204475309
12.15	-56.5486677646	-4.3245380355	-3.79770716869	0.349517	0.287548333333	0.171817592593
12.2	-56.7755605674	-4.46998213983	-6.3348987665	0.364609	0.293455555556	-0.13804691358
12.25	-56.9850000776	-4.8481368111	-10.0087091056	0.3795295	0.280593055556	-0.602579012346
12.3	-57.2293461729	-5.71110516347	-8.71048580393	0.393764	0.239528333333	-1.17186373457
12.35	-57.5784120233	-6.12804492922	-0.005386818679	0.405426	0.158256388889	-1.60691265432
12.4	-57.8925712887	-5.61414242725	7.16446884306	0.4103995	0.0596438888889	-1.65005231481
12.45	-58.1369173839	-5.05175855716	7.71392434832	0.410228	-0.0193413888889	-1.41132854938
12.5	-58.3812634792	-4.74147780125	5.45146050314	0.4076555	-0.0802238888889	-1.14994984568
12.55	-58.608156282	-4.54755232881	3.19438347664	0.401996	-0.131864444444	-0.934092746914
12.6	-58.8350490847	-4.42150077172	0.867277807318	0.3939355	-0.171690555556	-0.779742746914
12.65	-59.044488595	-4.43119704534	-1.94464154312	0.384503	-0.2049425	-0.728239814815
12.7	-59.2713813977	-4.60572997054	-4.89123136053	0.3736985	-0.241719722222	-0.728716203704
12.75	-59.4982742005	-4.94509954732	-7.12137429363	0.360493	-0.280688333333	-0.663503858025
12.8	-59.7600735883	-5.39112813394	-7.70853752964	0.345401	-0.314321388889	-0.438013117284
12.85	-60.0393262686	-5.81776417331	-6.02785010179	0.328594	-0.333948611111	0.0304359567901
12.9	-60.353485534	-6.01168964576	-3.26979893815	0.311101	-0.325564166667	0.79403441358
12.95	-60.6327382143	-6.23470393907	1.35209148843	0.293608	-0.262490277778	1.6720720679
13	-60.9992573572	-6.00199337214	7.82704754058	0.281946	-0.140344166667	2.16285848765
13.05	-61.261056745	-5.24568402961	10.3480786823	0.2797165	-0.0164830555556	2.03534506173
13.1	-61.5054028403	-4.7608703485	8.68893852922	0.281946	0.0760316666667	1.58669259259
13.15	-61.732295643	-4.38271567723	6.36183285989	0.288463	0.140344166667	1.12808888889
13.2	-61.9417351533	-4.11122001581	3.59839487757	0.2968665	0.182171111111	0.803509259259
13.25	-62.133721371	-4.03364982683	1.13661874127	0.306985	0.214565555556	0.619887808642
13.3	-62.3431608812	-4.03364982683	-0.59255005469	0.3184755	0.241815	0.500843518519
13.35	-62.535147099	-4.09182746856	-2.18704838367	0.331338	0.264491111111	0.388945061728
13.4	-62.7445866092	-4.28575294101	-3.42062986116	0.345058	0.282593888889	0.230572222222
13.45	-62.971479412	-4.40210822447	-5.53226278333	0.3599785	0.291264166667	-0.0239782407407
13.5	-63.1809189222	-4.6736038859	-10.051803655	0.3747275	0.285166388889	-0.409641512346
13.55	-63.407811725	-5.47839459654	-12.3412015936	0.3891335	0.258583888889	-0.957541666667
13.6	-63.7219709903	-6.34136294891	-6.42108786536	0.402339	0.193223333333	-1.54106512346
13.65	-64.0884901332	-6.33166667529	3.51759259738	0.4103995	0.0893705555556	-1.80800169753
13.7	-64.3851961061	-5.70140888985	8.34956895244	0.4107425	-0.00781277777778	-1.65719814815
13.75	-64.6469954939	-5.19720266149	7.15369520571	0.4083415	-0.0807955555556	-1.36199583333
13.8	-64.8913415891	-4.94509954732	4.32022858055	0.402339	-0.141773333333	-1.07801512346
13.85	-65.1356876844	-4.8481368111	2.58567296592	0.3935925	-0.187887777778	-0.820765123457
13.9	-65.3800337797	-4.72208525401	1.56217741691	0.3829595	-0.220949166667	-0.633173765432
13.95	-65.6069265825	-4.63481879141	-0.32320912074	0.3712975	-0.2478175	-0.517199537037
14	-65.8338193852	-4.74147780125	-2.32710566933	0.358092	-0.271541666667	-0.423086265432
14.05	-66.0781654805	-4.91601072645	-3.3075066689	0.344029	-0.291835833333	-0.273923611111
14.1	-66.3225115758	-5.14872129338	-2.67724888346	0.3287655	-0.305555833333	0.0403342592593
14.15	-66.6017642561	-5.22629148236	-0.845730532602	0.312816	-0.299458055556	0.593898148148
14.2	-66.8461103514	-5.23598775598	1.41673331258	0.297038	-0.2529625	1.25570817901
14.25	-67.1253630317	-5.17781011425	5.16057229448	0.285376	-0.162353333333	1.66741404321
14.3	-67.3871624195	-4.69299643314	8.00481255699	0.280574	-0.0643125	1.63062623457
14.35	-67.5966019297	-4.16939765754	6.86819381572	0.280231	0.0107663888889	1.35379135802
14.4	-67.7885881475	-3.91729454337	3.76538625662	0.2824605	0.0672661111111	1.10908626543
14.45	-67.9805743652	-3.84942062801	1.40057285654	0.287091	0.116905833333	0.953465895062
14.5	-68.1725605829	-3.83972435439	0.274727752629	0.294294	0.161876944444	0.826481790123
14.55	-68.3645468006	-3.83972435439	-0.393237763566	0.303555	0.200178611111	0.692404783951
14.6	-68.5565330183	-3.85911690163	-1.4113464939	0.314531	0.232191944444	0.539483950617
14.65	-68.7485192361	-3.93668709061	-3.17822302061	0.327222	0.254201111111	0.386616049383
14.7	-68.9405054538	-4.18879020479	-4.84274999242	0.340256	0.268873888889	0.26455462963
14.75	-69.1673982565	-4.46998213983	-5.88779281614	0.3541475	0.280783611111	0.122061419753
14.8	-69.3942910593	-4.70269270676	-7.93478391416	0.3685535	0.285833333333	-0.146304320988
14.85	-69.6211838621	-5.22629148236	-9.73936817162	0.383131	0.276210277778	-0.631268209877
14.9	-69.9004365424	-5.96320827765	-6.00630282708	0.397537	0.23324	-1.2948779321
14.95	-70.2495023928	-6.08925983474	2.34865294404	0.4090275	0.138915	-1.77873024691
15	-70.5462083656	-5.51717969103	6.88974109043	0.411943	0.0315369444444	-1.78614074074
15.05	-70.7905544609	-5.07115110441	5.13363820108	0.4107425	-0.05145	-1.51544598765
15.1	-71.0349005562	-4.95479582094	1.77226334539	0.406112	-0.117572777778	-1.23580570988
15.15	-71.2792466514	-5.01297346267	0.242406840555	0.3987375	-0.173119722222	-0.990465432099
15.2	-71.5410460392	-5.01297346267	0.328595939419	0.388276	-0.216471111111	-0.771061882716
15.25	-71.7853921345	-4.93540327369	-0.290888208666	0.3764425	-0.246483611111	-0.62724537037
15.3	-72.0297382298	-4.96449209456	-2.28939793857	0.3637515	-0.276115	-0.534614197531
15.35	-72.2740843251	-5.14872129338	-4.514154053	0.348831	-0.303459722222	-0.362267283951
15.4	-72.5358837129	-5.5074834174	-4.90739181656	0.3328815	-0.318799444444	-0.0237665123457
15.45	-72.8325896857	-5.73049771071	-3.25363848211	0.3164175	-0.315655277778	0.542977469136
15.5	-73.111842366	-5.86624554143	-0.59255005469	0.2999535	-0.276877222222	1.32594907407
15.55	-73.4260016314	-5.82746044694	2.85501389987	0.285719	-0.177216666667	1.95901697531
15.6	-73.7052543117	-5.55596478552	5.71541461841	0.28126	-0.0547847222222	2.06196990741
15.65	-73.984506992	-5.19720266149	7.19678975514	0.281603	0.0452569444444	1.78825802469
15.7	-74.2288530873	-4.7608703485	6.8735806344	0.2865765	0.125861944444	1.41439861111
15.75	-74.4557458901	-4.43119704534	4.76733453091	0.29498	0.185410555556	1.05144320988
15.8	-74.6651854003	-4.25666412014	1.97696245519	0.3057845	0.228285555556	0.752482716049
15.85	-74.8746249106	-4.24696784652	-0.53329504922	0.318304	0.2581075	0.517411265432
15.9	-75.0840644208	-4.36332312999	-1.98234927387	0.332024	0.277448888889	0.340353395062
15.95	-75.3109572236	-4.48937468707	-2.81191935044	0.3462585	0.2906925	0.181292438272
16	-75.5378500263	-4.5863374233	-4.79426862431	0.361179	0.298886388889	-0.0643125
16.05	-75.7647428291	-4.82874426385	-8.72125944129	0.376614	0.292979166667	-0.496979475309
16.1	-75.9916356318	-5.56566105914	-9.93329364407	0.391706	0.257059444444	-1.07690354938
16.15	-76.3232481897	-6.21531139182	-3.64687624568	0.404054	0.182933333333	-1.58049953704
16.2	-76.6548607476	-6.06986728749	5.49455505257	0.411257	0.0826058333333	-1.73167361111
16.25	-76.9515667204	-5.43960950205	10.5473909735	0.4117715	-0.00847972222222	-1.49284398148
16.3	-77.1959128157	-4.78026289574	10.4450414186	0.4090275	-0.0715536111111	-1.11744953704
16.35	-77.4228056185	-4.27605666739	7.11060065627	0.4038825	-0.115476666667	-0.820394598765
16.4	-77.6147918362	-4.00456100596	2.22475611443	0.3970225	-0.147394722222	-0.666097530864
16.45	-77.8067780539	-4.08213119494	-2.05776473538	0.388962	-0.175501666667	-0.658422376543
16.5	-78.0162175641	-4.3245380355	-4.12091628943	0.3798725	-0.210468611111	-0.709448919753
16.55	-78.2431103669	-4.54755232881	-4.85891044845	0.3682105	-0.250485277778	-0.681871296296
16.6	-78.4700031697	-4.78995916936	-5.49994187125	0.3544905	-0.284023055556	-0.529532716049
16.65	-78.7143492649	-5.14872129338	-5.06360955826	0.3393985	-0.307747222222	-0.244122839506
16.7	-78.9936019453	-5.36203931307	-3.22131757004	0.3232775	-0.316036388889	0.23025462963
16.75	-79.2554013331	-5.45900204929	-1.0773637358	0.3068135	-0.296599722222	0.923029938272
16.8	-79.5346540134	-5.55596478552	2.67186206478	0.2910355	-0.223426388889	1.57568271605
16.85	-79.8313599862	-5.25538030323	7.18601611778	0.282975	-0.118144444444	1.80344953704
16.9	-80.0757060815	-4.66390761227	8.34956895244	0.2800595	-0.0248675	1.63655462963
16.95	-80.2851455917	-4.26636039376	6.3348987665	0.2814315	0.0488775	1.34812762346
17	-80.494585102	-4.03364982683	3.80309398737	0.2855475	0.106711111111	1.09961141975
17.05	-80.6865713197	-3.89790199612	1.34131785107	0.2924075	0.155588611111	0.919589351852
17.1	-80.8785575374	-3.89790199612	-0.975014180898	0.3013255	0.197796666667	0.768097685185
17.15	-81.0705437551	-4.02395355321	-2.67186206478	0.312473	0.232763611111	0.619146759259
17.2	-81.2799832654	-4.19848647841	-3.65764988304	0.3249925	0.258965	0.484752160494
17.25	-81.4894227756	-4.39241195085	-4.60572997054	0.338541	0.280116666667	0.360891049383
17.3	-81.7163155784	-4.65421133865	-5.94166100293	0.3531185	0.297076111111	0.171341203704
17.35	-81.9606616737	-4.89661817921	-8.62429670507	0.3685535	0.304126666667	-0.193043364198
17.4	-82.1875544764	-5.46869832292	-11.193809215	0.38416	0.290311388889	-0.813195833333
17.45	-82.4842604493	-6.37045176978	-6.96515655194	0.399595	0.231048611111	-1.55694475309
17.5	-82.8682328847	-6.45771823238	2.51564432309	0.409885	0.119573611111	-1.9809308642
17.55	-83.1649388575	-5.86624554143	7.52538569456	0.4114285	0.00657416666667	-1.87210246914
17.6	-83.4441915378	-5.38143186032	6.16252056877	0.408856	-0.0761269444444	-1.54042993827
17.65	-83.6885376331	-5.16811384063	2.34865294404	0.4031965	-0.141963888889	-1.27005277778
17.7	-83.9503370209	-5.21659520874	-0.624870966763	0.39445	-0.199130555556	-1.0845787037
17.75	-84.2121364087	-5.28446912409	-2.40790794951	0.3829595	-0.248770277778	-0.944414506173
17.8	-84.4739357965	-5.45900204929	-3.76538625662	0.369411	-0.293455555556	-0.795516512346
17.85	-84.7531884768	-5.71110516347	-4.07782174	0.3534615	-0.332424166667	-0.535037654321
17.9	-85.0498944497	-5.90503063591	-3.46911122927	0.3356255	-0.355767222222	-0.058437037037
17.95	-85.3466004225	-6.04077846662	-2.45100249894	0.316932	-0.351098611111	0.683723919753
18	-85.6433063954	-6.27348903356	1.14739237863	0.2982385	-0.294408333333	1.53031990741
18.05	-85.9923722458	-6.1183486556	7.92939709548	0.2848615	-0.183028611111	2.04773117284
18.1	-86.2890782186	-5.3329504922	11.8510010938	0.2797165	-0.0631691666667	2.01014938272
18.15	-86.5159710214	-4.66390761227	10.4989096054	0.279888	0.0317275	1.64131851852
18.2	-86.7428638241	-4.22757529928	7.3099129474	0.284004	0.100518055556	1.23363549383
18.25	-86.9348500418	-3.93668709061	3.7707730753	0.2906925	0.149586111111	0.928693672839
18.3	-87.1268362596	-3.86881317525	0.619484148084	0.2992675	0.188935833333	0.731839197531
18.35	-87.3188224773	-3.89790199612	-1.98773609255	0.3099005	0.220472777778	0.602473148148
18.4	-87.510808695	-4.07243492132	-4.32561539923	0.3215625	0.246483611111	0.531385339506
18.45	-87.7202482052	-4.36332312999	-6.09249192594	0.334425	0.273161388889	0.462785339506
18.5	-87.947141008	-4.69299643314	-7.85936845265	0.3490025	0.296313888889	0.303089197531
18.55	-88.1914871033	-5.06145483078	-10.8867605502	0.3644375	0.309748055556	-0.0346175925926
18.6	-88.4358331986	-5.75958653158	-13.3485366865	0.380387	0.305651111111	-0.659533950617
18.65	-88.7499924639	-6.70012507293	-9.57237679257	0.3966795	0.259250833333	-1.54741697531
18.7	-89.1339648994	-7.05888719695	0.597936873369	0.409885	0.141868611111	-2.2121912037
18.75	-89.5004840423	-6.54498469498	9.07140265543	0.4117715	0.00381111111111	-2.18778950617
18.8	-89.7971900151	-5.77897907883	10.3803995944	0.40817	-0.0971833333333	-1.70478410494
18.85	-90.0589894029	-5.32325421858	7.32607340343	0.400624	-0.164735277778	-1.19467746914
18.9	-90.3207887907	-5.08084737803	4.06704810264	0.3908485	-0.208944166667	-0.835744907407
18.95	-90.565134886	-4.94509954732	1.25512875221	0.3791865	-0.240004722222	-0.660433796296
19	-90.8094809813	-4.95479582094	-1.21203420277	0.36701	-0.271255833333	-0.56722037037
19.05	-91.0538270765	-5.10023992527	-2.71495661421	0.3520895	-0.300887222222	-0.390744753086
19.1	-91.3156264643	-5.32325421858	-2.1547274716	0.3363115	-0.316703333333	-0.0599191358025
19.15	-91.5948791447	-5.38143186032	5.11183687972E-013	0.3198475	-0.314511944444	0.445529475309
19.2	-91.8566785325	-5.34264676583	2.80653253176	0.303555	-0.279735555556	1.07679768519
19.25	-92.1359312128	-5.12932874614	6.06555783255	0.2896635	-0.1997975	1.54032407407
19.3	-92.3802773081	-4.69299643314	8.2310589415	0.282975	-0.105281944444	1.58753950617
19.35	-92.6071701108	-4.20818275203	8.20412484811	0.280231	-0.0293455555556	1.36601867284
19.4	-92.7991563285	-3.77185043903	5.91472690954	0.2807455	0.0302983333333	1.12538935185
19.45	-92.9736892537	-3.56822869297	2.47254977366	0.283661	0.07889	0.966063734568
19.5	-93.1482221789	-3.54883614572	-0.587163236011	0.288806	0.122813055556	0.897569598765
19.55	-93.3227551041	-3.67488770281	-2.68802252082	0.2958375	0.167498333333	0.859405555556
19.6	-93.5147413219	-3.84942062801	-4.0508876466	0.305613	0.210468611111	0.789641049383
19.65	-93.7067275396	-4.07243492132	-5.26830866806	0.3171035	0.248293888889	0.675307716049
19.7	-93.9161670498	-4.39241195085	-5.99552918972	0.330652	0.280116666667	0.506136728395
19.75	-94.1430598526	-4.75117407487	-5.52795332839	0.3455725	0.301173055556	0.273330771605
19.8	-94.4048592404	-4.91601072645	-5.68632579756	0.361179	0.310510277778	-0.0411070679008
19.85	-94.6317520431	-5.15841756701	-8.40235977553	0.3771285	0.302506944444	-0.45615824074
19.9	-94.8935514309	-5.82939970166	-9.7997005409	0.3929065	0.266282333333	-0.863693055554
19.95	-95.2251639888	-6.3316666753	-8.09477242904	0.4052545	0.203799166667	-1.06047871914
20	-95.5567765467	-6.55468096862	-6.19915093592	0.410571	0.149205	-1.10653493827
Vernier Format 2
Sin título.cmbl 8/09/2026 13:54:51 .
Equiparación gráfica
Tiempo	Angulo
t	Angulo
s	rad

0.05	-22.0132450331
0.1	-20.2890170666
0.15	-18.5647891001
0.2	-16.8405611337
0.25	-15.1163331672
0.3	-13.3921052007
0.35	-11.6678772342
0.4	-9.94364926773
0.45	-8.21942130124
0.5	-6.49519333476
0.55	-4.77096536827
0.6	-3.04673740179
0.65	-1.32250943531
0.7	0.401718531178
0.75	2.12594649766
0.8	3.85017446415
0.85	5.57440243063
0.9	7.29863039711
0.95	9.0228583636
1	10.7470863301
1.05	12.4713142966
1.1	14.195542263
1.15	15.9197702295
1.2	17.643998196
1.25	19.3682261625
1.3	21.092454129
1.35	22.8166820955
1.4	24.540910062
1.45	26.2651380284
1.5	27.9893659949
1.55	29.7135939614
1.6	31.4378219279
1.65	33.1620498944
1.7	34.8862778609
1.75	36.6105058273
1.8	38.3347337938
1.85	40.0589617603
1.9	41.7831897268
1.95	43.5074176933
2	45.2316456598
2.05	46.9558736262
2.1	48.6801015927
2.15	50.4043295592
2.2	52.1285575257
2.25	53.8527854922
2.3	55.5770134587
2.35	54.6611977498
2.4	53.7453820409
2.45	52.829566332
2.5	51.9137506231
2.55	50.9979349142
2.6	50.0821192053
2.65	49.1663034964
2.7	48.2504877875
2.75	47.3346720786
2.8	46.4188563697
2.85	45.5030406608
2.9	44.5872249519
2.95	43.671409243
3	42.7555935341
3.05	41.8397778253
3.1	40.9239621164
3.15	40.0081464075
3.2	39.0923306986
3.25	38.1765149897
3.3	37.2606992808
3.35	36.3448835719
3.4	35.429067863
3.45	34.5132521541
3.5	33.5974364452
3.55	32.6816207363
3.6	31.7658050274
3.65	30.8499893185
3.7	29.9341736096
3.75	29.0183579007
3.8	28.1025421918
3.85	28.1025421918
3.9	28.1025421918
3.95	28.1025421918
4	28.1025421918
4.05	28.1025421918
4.1	28.1025421918
4.15	28.1025421918
4.2	28.1025421918
4.25	28.1025421918
4.3	28.1025421918
4.35	28.1025421918
4.4	28.1025421918
4.45	28.1025421918
4.5	28.1025421918
4.55	28.1025421918
4.6	28.1025421918
4.65	28.1025421918
4.7	28.1025421918
4.75	28.1025421918
4.8	28.1025421918
4.85	28.1025421918
4.9	28.1025421918
4.95	28.1025421918
5	28.1025421918
5.05	28.1025421918
5.1	28.1025421918
5.15	28.1025421918
5.2	28.1025421918
5.25	28.1025421918
5.3	28.1025421918
5.35	28.1025421918
5.4	28.1025421918
5.45	28.1025421918
5.5	28.1025421918
5.55	28.1025421918
5.6	28.1025421918
5.65	28.1025421918
5.7	28.1025421918
5.75	28.1025421918
5.8	28.1025421918
5.85	28.1025421918
5.9	28.1025421918
5.95	28.1025421918
6	28.1025421918
6.05	28.1025421918
6.1	28.1025421918
6.15	28.1025421918
6.2	28.1025421918
6.25	28.1025421918
6.3	28.1025421918
6.35	28.1025421918
6.4	28.1025421918
6.45	28.1025421918
6.5	28.1025421918
6.55	28.1025421918
6.6	28.1025421918
6.65	28.1025421918
6.7	28.1025421918
6.75	28.1605331385
6.8	28.3345059785
6.85	28.6244607118
6.9	29.0303973384
6.95	29.5523158583
7	30.1902162715
7.05	30.944098578
7.1	31.8139627779
7.15	32.7998088711
7.2	33.9016368575
7.25	35.1194467373
7.3	36.4532385105
7.35	37.9030121769
7.4	39.4687677366
7.45	41.1505051897
7.5	42.9482245361
7.55	44.8619257757
7.6	46.8916089087
7.65	49.037273935
7.7	51.2989208547
7.75	53.6765496676
7.8	56.1701603739
7.85	58.7797529734
7.9	61.5053274663
7.95	64.3468838525
8	67.304422132
8.05	68.3878210755
8.1	69.4003841782
8.15	70.3421114401
8.2	71.2130028611
8.25	72.0130584413
8.3	72.7422781806
8.35	73.4006620792
8.4	73.9882101368
8.45	74.5049223537
8.5	74.9507987297
8.55	75.325839265
8.6	75.6300439593
8.65	75.8634128129
8.7	76.0259458256
8.75	76.1176429975
8.8	76.1385043285
8.85	76.0885298187
8.9	75.9677194681
8.95	75.7760732767
9	75.5135912444
9.05	75.1802733713
9.1	74.7761196574
9.15	74.3011301026
9.2	73.755304707
9.25	73.1386434706
9.3	72.4511463934
9.35	71.6928134753
9.4	70.8636447164
9.45	69.9636401166
9.5	68.992799676
9.55	67.9511233946
9.6	66.8386112724
9.65	65.6552633093
9.7	64.4010795054
9.75	63.0760598607
9.8	61.6802043751
9.85	60.2135130488
9.9	58.6759858815
9.95	57.0676228735
10	55.3884240246
10.05	53.6383893349
10.1	51.8175188043
10.15	49.925812433
10.2	47.9632702208
10.25	45.9298921677
10.3	43.8256782739
10.35	44.4591011817
10.4	45.0925240895
10.45	45.7259469974
10.5	46.3593699052
10.55	46.9927928131
10.6	47.6262157209
10.65	48.2596386287
10.7	48.8930615366
10.75	49.5264844444
10.8	50.1599073522
10.85	50.7933302601
10.9	51.4267531679
10.95	52.0601760757
11	52.6935989836
11.05	53.3270218914
11.1	53.9604447992
11.15	54.5938677071
11.2	55.2272906149
11.25	55.8607135228
11.3	56.4941364306
11.35	57.1275593384
11.4	57.7609822463
11.45	58.3944051541
11.5	59.0278280619
11.55	59.6612509698
11.6	60.2946738776
11.65	60.9280967854
11.7	61.5615196933
11.75	62.1949426011
11.8	62.8283655089
11.85	63.4617884168
11.9	64.0952113246
11.95	64.7286342325
12	65.3620571403
12.05	65.9954800481
12.1	66.628902956
12.15	67.2623258638
12.2	67.8957487716
12.25	66.9579974289
12.3	66.0202460863
12.35	65.0824947436
12.4	64.1447434009
12.45	63.2069920582
12.5	62.2692407155
12.55	61.3314893729
12.6	60.3937380302
12.65	59.4559866875
12.7	58.5182353448
12.75	57.5804840021
12.8	56.6427326595
12.85	55.7049813168
12.9	54.7672299741
12.95	53.8294786314
13	52.8917272887
13.05	51.9539759461
13.1	51.0162246034
13.15	50.0784732607
13.2	49.140721918
13.25	48.2029705753
13.3	47.2652192327
13.35	46.32746789
13.4	45.3897165473
13.45	44.4519652046
13.5	43.5142138619
13.55	42.5764625193
13.6	41.6387111766
13.65	40.7009598339
13.7	39.7632084912
13.75	38.8254571485
13.8	37.8877058059
13.85	36.9499544632
13.9	36.0122031205
13.95	35.0744517778
14	34.1367004351
14.05	33.1989490924
14.1	32.2611977498
14.15	31.3234464071
14.2	30.3856950644
14.25	29.4479437217
14.3	28.510192379
14.35	27.5724410364
14.4	26.6346896937
14.45	25.696938351
14.5	24.7591870083
14.55	23.8214356656
14.6	22.883684323
14.65	21.9459329803
14.7	21.0081816376
14.75	20.0704302949
14.8	19.1326789522
14.85	18.1949276096
14.9	17.2571762669
14.95	16.3194249242
15	15.3816735815
15.05	14.4439222388
15.1	14.4439222388
15.15	14.4439222388
15.2	14.4439222388
15.25	14.4439222388
15.3	14.4439222388
15.35	14.4439222388
15.4	14.4439222388
15.45	14.4439222388
15.5	14.4439222388
15.55	14.4439222388
15.6	14.4439222388
15.65	14.4439222388
15.7	14.4439222388
15.75	14.4439222388
15.8	14.4439222388
15.85	14.4439222388
15.9	14.4439222388
15.95	14.4439222388
16	14.4439222388
16.05	14.4439222388
16.1	14.4439222388
16.15	14.4439222388
16.2	14.4439222388
16.25	14.4439222388
16.3	14.4439222388
16.35	14.4439222388
16.4	14.4439222388
16.45	14.4439222388
16.5	14.4439222388
16.55	14.4439222388
16.6	14.4439222388
16.65	14.4439222388
16.7	14.4439222388
16.75	14.4439222388
16.8	14.4439222388
16.85	14.4439222388
16.9	14.4439222388
16.95	14.4439222388
17	14.4439222388
17.05	14.4439222388
17.1	14.4439222388
17.15	14.4439222388
17.2	14.4439222388
17.25	13.0291707727
17.3	11.6144193066
17.35	10.1996678405
17.4	8.78491637436
17.45	7.37016490824
17.5	5.95541344212
17.55	4.540661976
17.6	3.12591050989
17.65	1.71115904377
17.7	0.296407577647
17.75	-1.11834388847
17.8	-2.53309535459
17.85	-3.94784682071
17.9	-5.36259828683
17.95	-6.77734975295
18	-8.19210121907
18.05	-9.60685268519
18.1	-11.0216041513
18.15	-12.4363556174
18.2	-13.8511070835
18.25	-15.2658585497
18.3	-16.6806100158
18.35	-18.0953614819
18.4	-19.510112948
18.45	-20.9248644141
18.5	-22.3396158803
18.55	-23.7543673464
18.6	-25.1691188125
18.65	-26.5838702786
18.7	-27.9986217447
18.75	-29.4133732109
18.8	-29.114291818
18.85	-28.8152104251
18.9	-28.5161290323
18.95	-28.2170476394
19	-27.9179662465
19.05	-27.6188848537
19.1	-27.3198034608
19.15	-27.0207220679
19.2	-26.7216406751
19.25	-26.4225592822
19.3	-26.1234778893
19.35	-25.8243964965
19.4	-25.5253151036
19.45	-25.2262337107
19.5	-24.9271523179
19.55	-24.628070925
19.6	-24.3289895322
19.65	-24.0299081393
19.7	-23.7308267464
19.75	-23.4317453536
19.8	-23.1326639607
19.85	-22.8335825678
19.9	-22.534501175
19.95	-22.2354197821
20	-21.9363383892
20.05	-21.6372569964
