Vernier Format 2
Sin título.cmbl 8/09/2026 13:55:56 .
Último
Tiempo	Angulo	Velocidad 1	Aceleración 1	Posición	Velocidad 2	Aceleración 2
t	Angulo	v 1	a 1	x	v 2	a 2
s	rad	rad/s	rad/s²	m	m/s	m/s²

0.033333	-0.157079632679	-5.4978421222	7.58021350766	0.435953	0.0583105831058	-0.918829626501
0.066666	-0.349065850399	-5.21422328257	6.49178502511	0.4385255	0.0308703087031	-1.01540749555
0.099999	-0.506145483078	-5.02659851173	5.34881391258	0.4392115	-0.0079748297483	-1.07153913901
0.133332	-0.680678408278	-4.91605988705	5.69546262752	0.438011	-0.0471629716297	-0.960395388367
0.166665	-0.837758040957	-4.68334699299	6.79116346073	0.43561	-0.07503200032	-0.78136486333
0.199998	-0.994837673637	-4.42154498717	6.51602619398	0.4326945	-0.0946117794511	-0.739870561226
0.233331	-1.1344640138	-4.13065386959	3.11499020062	0.4292645	-0.114191558582	-0.953035032828
0.266664	-1.25663706144	-4.20337664899	-0.569667468596	0.4261775	-0.16106869402	-1.0798761113
0.299997	-1.41371669412	-4.31973309602	-0.387858702023	0.4182885	-0.201657433241	-0.80404142797
0.33333	-1.55334303427	-4.23246576074	-0.0727235066293	0.4116	-0.212805044717	-0.55917264173
0.366663	-1.69296937443	-4.23246576074	-2.07261993893	0.404397	-0.229097707644	-0.566437717587
0.399996	-1.83259571459	-4.31973309602	-5.41790124388	0.396508	-0.249106241062	-0.638492978129
0.433329	-1.97222205475	-4.65425788123	-7.10266248079	0.387933	-0.274116907836	-0.653023129842
0.466662	-2.14675497995	-4.90151533117	-5.61183059489	0.3781575	-0.29669796698	-0.541664999912
0.499995	-2.30383461263	-5.0178717782	-3.84222526691	0.3678675	-0.310989776564	-0.380761434635
0.533328	-2.47836753783	-5.16331733699	-1.75748474354	0.357406	-0.322423224232	-0.173766322531
0.566661	-2.65290046303	-5.16331733699	0.763596819608	0.3462585	-0.327282439491	0.189487470286
0.599994	-2.82743338823	-5.04696088996	1.69688182135	0.335111	-0.314991483248	0.711620135109
0.633327	-2.98451302091	-5.0178717782	2.07261993893	0.3246495	-0.281119894532	1.26352770098
0.66666	-3.15904594611	-5.03241633408	5.57546884158	0.3157315	-0.225810591439	1.64833852216
0.699993	-3.33357887131	-4.68334699299	10.0358439148	0.309386	-0.162354956883	1.74254630909
0.733326	-3.47320521147	-4.24701031662	11.3812287875	0.3050985	-0.10361561949	1.61927821874
0.766659	-3.61283155163	-3.88339641965	10.9933700855	0.3026975	-0.0523080230802	1.39537096284
0.799992	-3.73500459927	-3.47614885504	9.00559423759	0.30184	-0.0101471848052	1.14037871024
0.833325	-3.83972435439	-3.2288914051	5.58758942602	0.302183	0.0245819124858	0.873833796033
0.866658	-3.94444410951	-3.14162406983	3.16347253837	0.303898	0.0465912992463	0.670768970868
0.899991	-4.04916386463	-3.08344584632	2.35139338101	0.3054415	0.0634556345563	0.643018763089
0.933324	-4.15388361975	-2.95254484341	0.787837988484	0.3078425	0.0870371203712	0.707451648962
0.966657	-4.24115008235	-2.96708939928	-2.26654928995	0.3112725	0.111190278569	0.777005817816
0.99999	-4.34586983747	-3.14162406983	-4.26644572225	0.315217	0.137630126301	0.872642799991
1.033323	-4.45058959259	-3.33070329626	-4.25432513781	0.3201905	0.170787124538	0.923021932569
1.066656	-4.57276264023	-3.41797063153	-4.30280747557	0.3267075	0.201657433241	0.905395191147
1.099989	-4.67748239534	-3.53432707856	-6.278462739	0.333739	0.230383970506	0.893247031518
1.133322	-4.79965544298	-3.86885186377	-7.46628001394	0.341971	0.260825524922	0.870856305928
1.166655	-4.93928178314	-4.11610931371	-6.66632144102	0.3510605	0.291695833625	0.750208406871
1.199988	-5.0789081233	-4.2615548725	-7.09054189636	0.3616935	0.314276892769	0.521537166802
1.233321	-5.21853446346	-4.52335687832	-9.11467949754	0.3723265	0.326139094724	0.278216675417
1.266654	-5.37561409614	-4.91605988705	-10.096446837	0.383474	0.333570835708	0.0047639841681
1.299987	-5.55014702134	-5.23604011638	-9.81767339495	0.3949645	0.32799702997	-0.322402628576
1.33332	-5.72467994654	-5.55602034572	-8.96923248428	0.4055975	0.312133121331	-0.682798030892
1.366653	-5.91666616426	-5.93417879857	-4.12099870899	0.4158875	0.287122454558	-1.17575129269
1.399986	-6.1261056745	-6.0505352456	7.58748585832	0.4254915	0.237386957203	-1.73182734471
1.433319	-6.33554518474	-5.59965401336	23.3806073813	0.432523	0.163212465458	-2.00778112764
1.466652	-6.52753140246	-4.31973309602	32.5437692166	0.436296	0.0897525641923	-1.83973158611
1.499985	-6.63225115758	-2.85073295225	24.3138923831	0.438011	0.0321565715657	-1.36916904991
1.533318	-6.68461103514	-2.32712894062	5.03004254186	0.4378395	-0.00357295239619	-0.817142384433
1.566651	-6.75442420522	-2.79255472874	-7.24810949405	0.4371535	-0.0181505981726	-0.408511642414
1.599984	-6.87659725286	-3.2288914051	-7.29659183181	0.436296	-0.021580632473	-0.299178205756
1.633317	-6.98131700798	-3.35979240801	-3.69677825366	0.435953	-0.0305844725114	-0.446980814572
1.66665	-7.10349005562	-3.37433696389	-2.58168448534	0.434581	-0.0501642516425	-0.670054373243
1.699983	-7.20820981074	-3.35979240801	-6.44815092113	0.4326945	-0.0751749184159	-0.897772816478
1.733316	-7.31292956586	-3.75249541674	-11.8054492428	0.4299505	-0.111619032857	-1.06606055722
1.766649	-7.45255590602	-4.31973309602	-12.4842019714	0.42532	-0.150778591119	-1.10572072542
1.799982	-7.6096355387	-4.68334699299	-9.97524099265	0.4196605	-0.185221852219	-1.13204173794
1.833315	-7.76671517137	-4.95969355469	-7.62384761164	0.4131435	-0.224238492385	-1.18516016142
1.866648	-7.94124809657	-5.17786189287	-5.85424228366	0.4049115	-0.267399757331	-1.14025961063
1.899981	-8.11578102177	-5.2942183399	-5.92696579029	0.395136	-0.305130134635	-0.958275415412
1.933314	-8.29031394697	-5.52693123396	-7.18750657186	0.38416	-0.331141228079	-0.758902677978
1.966647	-8.48230016469	-5.80327779566	-7.34507416956	0.3730125	-0.353293532935	-0.598475511117
1.99998	-8.67428638241	-6.12325802499	-4.67854559315	0.3606645	-0.374302493025	-0.32252172818
2.033313	-8.90117918517	-6.16689169263	-0.654511559664	0.3476305	-0.380733807338	0.169240537572
2.066646	-9.09316540289	-6.00690157796	-0.13332642882	0.3349395	-0.370300786341	0.905871589563
2.099979	-9.28515162061	-6.19598080439	1.35750545708	0.322077	-0.327711193779	1.81793635855
2.133312	-9.51204442337	-6.18143624851	9.42981469293	0.3116155	-0.240816991503	2.44547217309
2.166645	-9.72148393361	-5.52693123396	16.4476330827	0.3057845	-0.143918522519	2.44606767111
2.199978	-9.87856356629	-4.84333710766	16.8354917847	0.302869	-0.0686006860069	2.10913489082
2.233311	-10.035643199	-4.36336676365	14.6901483391	0.301497	-0.00543088764221	1.76898642122
2.266644	-10.1752695391	-3.81067364026	10.096446837	0.3026975	0.0481633983006	1.47183290873
2.299977	-10.2799892942	-3.5779607462	2.52108156315	0.3050985	0.0898954822882	1.27674775705
2.33331	-10.4021623419	-3.69431719323	-3.53921065596	0.3087	0.129626712934	1.19397353213
2.366643	-10.5243353895	-3.92703008729	-6.13301572574	0.3136735	0.169643779771	1.12703955457
2.399976	-10.6639617297	-4.17428753723	-6.06029221911	0.3201905	0.205087467541	1.06010557701
2.433309	-10.8035880698	-4.37791131953	-4.42401331995	0.3273935	0.238816138161	1.02116000643
2.466642	-10.9606677025	-4.45063409893	-3.34528130495	0.3359685	0.274688580219	0.934812793385
2.499975	-11.1002940427	-4.52335687832	-4.4724956577	0.3459155	0.30427262606	0.760570072437
2.533308	-11.2573736754	-4.72698066062	-6.46027150557	0.3565485	0.324709913766	0.587875646343
2.566641	-11.414453308	-4.97423811056	-8.26623858686	0.3675245	0.343432184322	0.406725148351
2.599974	-11.5889862332	-5.26512922814	-10.3873408636	0.379701	0.353722287223	0.163642856174
2.633307	-11.7635191584	-5.62874312511	-12.8841812578	0.391363	0.354722713894	-0.127555676101
2.66664	-11.9555053762	-6.21052536027	-12.169066776	0.403368	0.350292252923	-0.595855319825
2.699973	-12.1823981789	-6.64686203663	-4.46037507326	0.415373	0.322280306136	-1.27710505586
2.733306	-12.4092909817	-6.66140659251	8.54501202894	0.425663	0.265970576372	-1.95740199507
2.766639	-12.6361837844	-6.22506991615	24.0836012787	0.433895	0.183649753164	-2.34816779645
2.799972	-12.8630765872	-4.77061432826	29.4893819382	0.4381825	0.0933255165885	-2.22227951481
2.833305	-12.9503430498	-3.49069341092	13.2720399598	0.439383	0.0244389943899	-1.73242284273
2.866638	-13.0376095124	-3.79612908438	-6.07241280355	0.43904	-0.0201514515145	-1.25137954135
2.899971	-13.1946891451	-4.46517865481	-10.2297732659	0.4378395	-0.0531655316553	-0.938862179927
2.933304	-13.3517687778	-4.78515888414	-4.39977215107	0.4354385	-0.0811774784415	-0.746873617953
2.966637	-13.526301703	-4.69789154887	1.24842019714	0.431837	-0.0960409604096	-0.790464073091
2.99997	-13.6659280431	-4.52335687832	1.73324357466	0.429436	-0.122623726237	-1.12418116407
3.033303	-13.8230076758	-4.49426776656	-0.969646755057	0.4248055	-0.178504701714	-1.25781091998
3.066636	-13.962634016	-4.56699054596	-4.60582208652	0.4169165	-0.219665113318	-1.03854854864
3.099969	-14.1197136486	-4.87242621941	-6.42390975225	0.409542	-0.244532861995	-0.871928202366
3.133302	-14.2942465738	-5.03241633408	-6.93297429866	0.4007955	-0.271687300206	-0.854420560548
3.166635	-14.4513262065	-5.2942183399	-8.01170631366	0.3915345	-0.300842591759	-0.8615665368
3.199968	-14.6433124242	-5.64328768099	-6.84813020759	0.3809015	-0.333713753804	-0.738179346846
3.233301	-14.835298642	-5.78873323978	-4.41189273551	0.3688965	-0.35486563199	-0.457342480137
3.266634	-15.0272848597	-5.93417879857	-2.10898169225	0.3568915	-0.364298226316	-0.118861404994
3.299967	-15.2367243699	-5.93417879857	0.0606029221909	0.3445435	-0.366299079657	0.370042470257
3.3333	-15.4287105876	-5.78873323978	-0.969646755058	0.332024	-0.348863071964	1.12322836723
3.366633	-15.6032435128	-6.07962435736	0.351496948708	0.3201905	-0.295125867925	1.94525383544
3.399966	-15.8475896081	-6.00690157796	7.92686222259	0.3112725	-0.207802911362	2.40128621993
3.433299	-16.0221225333	-5.42511934281	12.6417695691	0.306299	-0.117049920499	2.30112345279
3.466632	-16.1966554585	-5.07605000172	14.5931836636	0.304241	-0.0473058897256	1.9357258671
3.499965	-16.3711883837	-4.45063409893	15.1870923011	0.303555	0.00786049527162	1.63499936649
3.533298	-16.4933614313	-3.88339641965	10.5570290457	0.3047555	0.0590251735851	1.40930561653
3.566631	-16.615534479	-3.70886174911	4.77551026866	0.307671	0.103043947106	1.17467939625
3.599964	-16.7377075266	-3.66522808147	1.52719363921	0.3119585	0.136915535822	0.957679917391
3.633297	-16.8598805743	-3.66522808147	0.290894026517	0.316932	0.164784564512	0.796419053301
3.66663	-16.9820536219	-3.66522808147	0.0121205844384	0.3229345	0.190509821765	0.641232269026
3.699963	-17.1042266695	-3.66522808147	-0.181808766573	0.329966	0.206945402787	0.524276457699
3.733296	-17.2263997172	-3.66522808147	-0.933285001742	0.336826	0.220665539989	0.542379597538
3.766629	-17.3485727648	-3.69431719323	-2.75137266747	0.344372	0.241817418174	0.601810300035
3.799962	-17.4707458125	-3.79612908438	-5.85424228366	0.352947	0.263540968743	0.587875646343
3.833295	-17.5929188601	-4.13065386959	-7.81777696265	0.3620365	0.282691993587	0.508793509153
3.866628	-17.7499984928	-4.39245587541	-8.01170631366	0.371812	0.299556328897	0.35765611142
3.899961	-17.8896248329	-4.58153510184	-10.4358232013	0.3822735	0.307845578456	0.166024848258
3.933294	-18.0467044656	-5.0178717782	-14.7507512613	0.3925635	0.308988923223	-0.0053594821891
3.966627	-18.2212373908	-5.58510945748	-17.9748267219	0.4028535	0.308274332743	-0.252848459722
3.99996	-18.4132236085	-6.3268818073	-16.3264272383	0.4131435	0.301128427951	-0.797371850135
4.033293	-18.6401164113	-6.99593137772	-4.75126909978	0.423605	0.267685593523	-1.67823252282
4.066626	-18.9019157991	-6.93775315421	13.8053456751	0.432523	0.187365623656	-2.44487667507
4.099959	-19.1462618944	-5.71601046039	21.8291725732	0.436982	0.0811774784415	-2.499662493
4.133292	-19.268434942	-4.82879255178	11.9266550872	0.436982	0.000285836191695	-1.92322040866
4.166625	-19.4255145747	-5.03241633408	3.35740188939	0.4357815	-0.0444475278086	-1.34558732828
4.199958	-19.6175007924	-5.00332722232	4.42401331995	0.433895	-0.0783191165245	-1.08154350576
4.233291	-19.7745804251	-4.63971332535	3.92706935798	0.4306365	-0.112476541432	-1.00770175116
4.266624	-19.9142067653	-4.56699054596	-0.654511559663	0.426006	-0.138916389164	-1.13192263834
4.299957	-20.0712863979	-4.72698066062	-4.43613390439	0.422233	-0.186793951273	-1.26936358159
4.33329	-20.2283660306	-4.95969355469	-5.41790124388	0.413658	-0.236529448628	-1.06189207107
4.366623	-20.4028989558	-5.16331733699	-3.90282818911	0.405426	-0.259253425868	-0.790940471508
4.399956	-20.577431881	-5.22149556051	-2.25442870551	0.396508	-0.282691993587	-0.67422285939
4.433289	-20.7519648062	-5.25058467226	-2.49684039427	0.386561	-0.303272199389	-0.596808116658
4.466622	-20.9264977314	-5.32330745166	-4.50885741102	0.376271	-0.323137814711	-0.509746305986
4.499955	-21.1010306566	-5.55602034572	-6.10877455686	0.364952	-0.339859231926	-0.339195672768
4.533288	-21.2930168743	-5.86145601917	-4.24220455338	0.35329	-0.346862218622	-0.0989717710922
4.566621	-21.5024563846	-5.90508968681	-0.581788053034	0.3417995	-0.349148908156	0.274881886499
4.599954	-21.6944426023	-5.74509957214	-0.20604993545	0.3297945	-0.338572969063	0.948509247868
4.633287	-21.8689755275	-5.93417879857	0.921164417304	0.3181325	-0.292124587913	1.77160661251
4.66662	-22.0958683302	-5.93417879857	8.19351508023	0.3092145	-0.211090027567	2.29802686309
4.699953	-22.287854548	-5.32330745166	13.7689839218	0.303898	-0.12219497195	2.30731663221
4.733286	-22.4449341806	-4.79970344002	13.441728142	0.3016685	-0.0491638249716	2.01981018767
4.766619	-22.6020138133	-4.40700043129	11.3812287875	0.3009825	0.0108617752844	1.72694426093
4.799952	-22.7416401535	-4.01429742256	7.92686222259	0.302526	0.0638843888439	1.48672035926
4.833285	-22.8638132011	-3.81067364026	2.86045792742	0.3054415	0.109189425228	1.28043984478
4.866618	-22.9859862488	-3.88339641965	-0.581788053034	0.3099005	0.149635246352	1.08059070893
4.899951	-23.1256125889	-3.92703008729	-1.78172591242	0.3157315	0.180505555056	0.915280458295
4.933284	-23.2477856366	-3.9852083108	-2.99378435624	0.322077	0.206659566596	0.859780042737
4.966617	-23.3874119767	-4.14519842547	-3.49072831821	0.32928	0.237386957203	0.820000774934
4.99995	-23.5270383169	-4.23246576074	-3.51496948708	0.3380265	0.264398477318	0.698400079043
5.033283	-23.666664657	-4.39245587541	-3.21195487613	0.347116	0.284692846928	0.545357087643
5.066616	-23.8237442897	-4.45063409893	-3.00590494068	0.357063	0.301414264143	0.372662661549
5.099949	-23.9633706299	-4.52335687832	-4.8845955286	0.3675245	0.308560168935	0.231172331757
5.133282	-24.1204502626	-4.7415252165	-7.93898280703	0.377643	0.314419810865	0.148040808024
5.166615	-24.2775298952	-5.04696088996	-11.1872994365	0.3884475	0.319707780411	0.0115526616076
5.199948	-24.4520628204	-5.51238667808	-13.1871958688	0.3990805	0.319707780411	-0.285481751273
5.233281	-24.6440490382	-6.02144613384	-11.0782141765	0.4100565	0.307130987977	-0.800230240636
5.266614	-24.8534885484	-6.44323825433	-1.95141409455	0.420175	0.271973136398	-1.48028898063
5.299947	-25.0803813512	-6.47232736609	15.3325393143	0.429093	0.2065166485	-2.07912179056
5.33328	-25.3247274464	-5.38148567517	28.9681968073	0.4344095	0.123338316717	-2.31231881559
5.366613	-25.4643537866	-3.72340630498	19.611105621	0.4374965	0.0380162134955	-2.05958945547
5.399946	-25.5167136642	-3.56341619032	-3.29679896719	0.4364675	-0.0301557182238	-1.34320533619
5.433279	-25.6563400043	-4.63971332535	-8.03594748254	0.433552	-0.0447333640003	-0.789034877841
5.466612	-25.8657795146	-4.77061432826	6.07241280355	0.433895	-0.0643131431314	-0.722815497904
5.499945	-26.0054058547	-4.01429742256	15.8658450296	0.4299505	-0.0976130594639	-0.59061493724
5.533278	-26.1275789024	-3.28706962862	13.2599193754	0.4265205	-0.109189425228	-0.352892127252
5.566611	-26.214845365	-2.89436661989	2.32715221214	0.422576	-0.11633533002	-0.264043822517
5.599944	-26.3021118276	-3.11253495807	-9.3570911863	0.4186315	-0.120194118608	-0.406248749934
5.633277	-26.4068315827	-3.7815845285	-13.4780898953	0.414687	-0.132056320563	-0.870975405532
5.66661	-26.5639112154	-4.24701031662	-10.7509583967	0.4110855	-0.178790537905	-1.30878555058
5.699943	-26.7035375555	-4.37791131953	-10.3024967725	0.403025	-0.234814431478	-1.31867081773
5.733276	-26.8431638957	-4.79970344002	-13.0781106088	0.3946215	-0.27154438211	-1.14418989757
5.766609	-27.0176968209	-5.36694111929	-13.1750752843	0.3850175	-0.307988496552	-1.00019847609
5.799942	-27.2096830386	-5.74509957214	-11.3327464497	0.3740415	-0.340002150022	-0.804279627179
5.833275	-27.4016692563	-6.07962435736	-9.80555281052	0.3620365	-0.362869045357	-0.558696243313
5.866608	-27.6111087666	-6.44323825433	-7.00569780529	0.3496885	-0.378732953996	-0.208424307354
5.899941	-27.8380015693	-6.63231748075	-1.96353467899	0.3366545	-0.38444967783	0.421850798085
5.933274	-28.0648943721	-6.48687192196	1.63627889916	0.323449	-0.364012390124	1.43169634212
5.966607	-28.2568805898	-6.57413925724	6.65420085658	0.310758	-0.291838751721	2.47191228522
5.99994	-28.5186799776	-6.22506991615	15.8173626919	0.3026975	-0.179362210289	2.89840796787
6.033273	-28.6932129028	-5.2942183399	19.0535587369	0.2992675	-0.0764611812785	2.61757110116
6.066606	-28.8502925355	-4.82879255178	18.144514904	0.29841	0.00171501715017	2.05208618041
6.099939	-29.0248254607	-4.14519842547	17.3081945778	0.2999535	0.0580247469141	1.5076818896
6.133272	-29.1295452158	-3.47614885504	11.0539730077	0.3026975	0.0977559775598	1.10155223927
6.166605	-29.2342649709	-3.38888151977	4.25432513781	0.306642	0.128912122455	0.804994224804
6.199938	-29.3564380185	-3.34524785213	1.04237026169	0.3116155	0.149349410161	0.606931583015
6.233271	-29.4611577737	-3.28706962862	-2.46047864096	0.3167605	0.164498728321	0.575012889089
6.266604	-29.5658775288	-3.47614885504	-6.25422157012	0.32242	0.183935589356	0.678034046724
6.299937	-29.6880505764	-3.81067364026	-7.34507416956	0.328937	0.207517075171	0.858827245903
6.33327	-29.8276769166	-3.9852083108	-7.73293287158	0.3359685	0.240674073407	1.04045414231
6.366603	-29.9498499642	-4.2615548725	-9.47829703068	0.344715	0.281405730724	1.06975264495
6.399936	-30.1069295969	-4.65425788123	-10.4600643702	0.3548335	0.318564435644	0.890984139038
6.433269	-30.2640092296	-4.97423811056	-11.4660728786	0.366324	0.344146774801	0.590019439219
6.466602	-30.4385421548	-5.33785200754	-14.4840984037	0.3781575	0.356723567236	0.282504261168
6.499935	-30.61307508	-5.89054513093	-18.253600164	0.3901625	0.363869472028	-0.097661675446
6.533268	-30.8225145902	-6.70504026015	-16.6658036025	0.402682	0.357866912002	-0.737345649617
6.566601	-31.0668606855	-7.24318882766	-7.0420595586	0.414687	0.324995749958	-1.67049104854
6.599934	-31.3112067808	-7.44681260997	9.22376475748	0.425663	0.248534568679	-2.60530384193
6.633267	-31.6079127536	-6.47232736609	19.9868437386	0.432523	0.133771337713	-2.97546541179
6.6666	-31.7475390938	-5.36694111929	10.89640541	0.434238	0.0264398477318	-2.5931556823
6.699933	-31.9046187265	-5.7741886839	1.44234954815	0.433209	-0.0471629716297	-1.90475997001
6.733266	-32.1489648217	-5.8469114633	5.87848345253	0.430465	-0.0973272232722	-1.30187777354
6.766599	-32.3234977469	-5.25058467226	7.81777696265	0.4258345	-0.120765790991	-1.09297706777
6.799932	-32.4805773796	-5.06150544584	3.33316072051	0.4230905	-0.159639513062	-1.20993287909
6.833265	-32.6551103048	-5.04696088996	-1.52719363921	0.4155445	-0.207802911362	-1.19194883886
6.866598	-32.8121899375	-5.23604011638	-4.53309857989	0.4086845	-0.242389090558	-1.07594582436
6.899931	-33.0041761552	-5.43966389869	-4.59370150208	0.399595	-0.280548222149	-0.909206378481
6.933264	-33.1787090804	-5.54147578984	-4.32704864444	0.3894765	-0.30355803558	-0.725316589593
6.966597	-33.3706952981	-5.71601046039	-4.26644572225	0.379358	-0.325424504245	-0.630156005835
6.99993	-33.5626815159	-5.81782235154	-4.33916922888	0.3678675	-0.34729097291	-0.486998281584
7.033263	-33.7546677336	-6.00690157796	-4.36341039776	0.3558625	-0.359581929153	-0.27321449204
7.066596	-33.9641072438	-6.16689169263	-3.01802552512	0.3438575	-0.367871178712	0.0736035553971
7.099929	-34.173546754	-6.15234713675	-2.67864916085	0.3311665	-0.364584062507	0.745444422703
7.133262	-34.3655329718	-6.3268818073	-1.93929351011	0.318647	-0.32871162045	1.70681642782
7.166595	-34.5924257745	-6.50141647784	4.73914851534	0.3078425	-0.2478199782	2.54158555368
7.199928	-34.8193185773	-6.10871346911	13.7811045063	0.3013255	-0.140488488218	2.78204765456
7.233261	-35.011304795	-5.36694111929	16.9930593824	0.2989245	-0.0444475278086	2.43082292177
7.266594	-35.1683844277	-4.79970344002	14.7628718457	0.299096	0.0275831924986	1.84127988097
7.299927	-35.3254640604	-4.40700043129	12.059981516	0.301497	0.0746032460325	1.33736945559
7.33326	-35.4650904005	-3.99975286668	9.12680008198	0.3044125	0.108331916653	1.08023341012
7.366593	-35.5872634482	-3.75249541674	5.19973072399	0.3085285	0.143775604423	0.934931892989
7.399926	-35.7094364958	-3.67977263735	2.09686110781	0.314188	0.172930895976	0.758545379165
7.433259	-35.8316095434	-3.66522808147	0.521185130843	0.320362	0.193225265586	0.617650547394
7.466592	-35.9537825911	-3.66522808147	-0.327255779832	0.3270505	0.212233372334	0.532494330389
7.499925	-36.0759556387	-3.67977263735	-1.24842019714	0.3345965	0.228097280973	0.482591596228
7.533258	-36.1981286864	-3.72340630498	-2.84833734298	0.342314	0.242817844845	0.4846162895
7.566591	-36.320301734	-3.88339641965	-4.27856630669	0.3507175	0.259253425868	0.513081094904
7.599924	-36.4599280742	-3.99975286668	-5.92696579029	0.359464	0.278690286903	0.492715062585
7.633257	-36.5821011218	-4.24701031662	-8.42380618456	0.369411	0.294982949829	0.385287219595
7.66659	-36.7391807545	-4.61062421359	-10.0843262526	0.379358	0.304415544155	0.248918172783
7.699923	-36.8962603872	-4.85788166353	-13.4174869731	0.389648	0.312990629906	0.037635474928
7.733256	-37.0533400198	-5.41057478693	-17.9748267219	0.4004525	0.312418957523	-0.366945880548
7.766589	-37.2453262376	-6.2541590279	-14.7022689236	0.410914	0.294697113638	-0.982452635066
7.799922	-37.4722190403	-6.87957493069	4.02403403349	0.4206895	0.252679193459	-1.73420933679
7.833255	-37.7340184281	-6.44323825433	34.9678861043	0.4289215	0.17450299503	-2.26384527668
7.866588	-37.9609112309	-4.27609942838	56.4576823132	0.4330375	0.0786049527162	-2.07685889808
7.899921	-38.030724401	-1.73080214958	49.5853109367	0.4330375	0.0151493181598	-1.27031637842
7.933254	-38.030724401	-0.450881232244	25.4653479047	0.4323515	0.00114334476678	-0.610980969558
7.966587	-38.030724401	-0.203623782304	4.32704864444	0.433209	-0.0087180038467	-0.400651068537
7.99992	-38.030724401	-0.523604011638	-5.69667468596	0.43218	-0.0248677486775	-0.256302348244
8.033253	-38.065630986	-0.887217908609	-5.4542629972	0.4313225	-0.0334428344283	0.0490690369314
8.066586	-38.100537571	-0.959940688004	-2.41199630321	0.4292645	-0.0222952229522	0.348961840313
8.099919	-38.1354441561	-0.88721790861	-3.76950176029	0.429436	0.000428754287543	0.33669458108
8.133252	-38.1528974486	-1.01811891152	-10.7145966434	0.429779	0.00943259432594	0.0443050527633
8.166585	-38.1878040336	-1.61444570255	-17.5384856821	0.4306365	0.00228668953356	-0.25904163914
8.199918	-38.2576172037	-2.34167349649	-19.805034972	0.430122	-0.0135772191055	-0.44721901378
8.233251	-38.3448836663	-3.05435673456	-18.0839119818	0.4292645	-0.0231527315273	-0.725673888405
8.266584	-38.467056714	-3.59250530207	-14.5689424947	0.429436	-0.055309303093	-1.1421652043
8.299917	-38.5892297616	-3.97066375492	-12.3023932048	0.4265205	-0.113048213815	-1.21398226563
8.33325	-38.7288561018	-4.39245587541	-10.7388378123	0.420518	-0.139773897739	-1.16991541208
8.366583	-38.8859357344	-4.69789154887	-9.1995235886	0.417774	-0.180648473151	-1.34022784609
8.399916	-39.0430153671	-4.97423811056	-8.70257962664	0.409199	-0.237672793395	-1.28889591668
8.433249	-39.2175482923	-5.25058467226	-9.01771482203	0.400967	-0.27154438211	-1.10881731512
8.466582	-39.3920812175	-5.55602034572	-9.75707047276	0.3911915	-0.306988069881	-1.00865454799
8.499915	-39.5840674352	-5.94872335445	-9.18740300417	0.3805585	-0.340002150021	-0.866568720177
8.533248	-39.7935069455	-6.22506991615	-6.89661254534	0.368382	-0.368442851095	-0.62717851573
8.566581	-40.0029464557	-6.37051547493	-5.16336897068	0.3555195	-0.382591742584	-0.324189122639
8.599914	-40.2123859659	-6.61777292487	-2.25442870551	0.3428285	-0.391309746431	0.0861090138383
8.633247	-40.4567320612	-6.54505014548	1.40598779483	0.32928	-0.38787971213	0.849418377171
8.66658	-40.6487182789	-6.42869369845	3.19983429169	0.315903	-0.34657638243	1.9300090861
8.699913	-40.8756110817	-6.47232736609	8.38744443124	0.304584	-0.2546800468	2.8255190101
8.733246	-41.1025038845	-5.93417879857	14.6537865858	0.298067	-0.135486354864	3.00821780294
8.766579	-41.2770368097	-5.23604011638	14.2295661305	0.2961805	-0.032871162045	2.50728486767
8.799912	-41.4341164423	-4.93060444293	11.8539315806	0.297038	0.0344432610993	1.8421135782
8.833245	-41.6086493675	-4.58153510184	12.0963432693	0.2989245	0.0826066593999	1.34951761522
8.866578	-41.7482757077	-4.0579310902	10.5449084612	0.3026975	0.120908709087	0.991623304589
8.899911	-41.8704487553	-3.76703997262	6.18149806349	0.307328	0.147348556819	0.725435689197
8.933244	-41.992621803	-3.67977263735	2.49684039427	0.312816	0.165070400704	0.602048499243
8.966577	-42.1147948506	-3.66522808147	0.593908637472	0.318304	0.182506408397	0.622890929979
8.99991	-42.2369678983	-3.66522808147	-0.387858702023	0.3246495	0.207802911362	0.626702117313
9.033243	-42.3591409459	-3.67977263735	-1.57567597697	0.332367	0.227954362877	0.542260497933
9.066576	-42.4813139935	-3.73795086086	-3.51496948708	0.3400845	0.24196033627	0.502362130526
9.099909	-42.6034870412	-3.92703008729	-5.12700721736	0.3483165	0.259682180155	0.506054218256
9.133242	-42.7431133813	-4.13065386959	-5.59971001045	0.357406	0.276832351657	0.48747468
9.166575	-42.8827397215	-4.2615548725	-7.17538598742	0.3668385	0.292696260296	0.44721901378
9.199908	-43.0223660617	-4.5379014342	-10.5812702146	0.376957	0.306988069881	0.365278486089
9.233241	-43.1794456943	-4.98878266644	-13.2599193754	0.387247	0.320708207082	0.138155540875
9.266574	-43.3539786195	-5.4978421222	-13.0902311933	0.398566	0.324138241382	-0.34717534625
9.299907	-43.5459648373	-5.97781246621	-8.32684150905	0.409542	0.303986789868	-1.03795305062
9.33324	-43.7554043475	-6.2541590279	2.43623747208	0.4196605	0.254394210609	-1.70967481833
9.366573	-43.9822971503	-5.91963424269	15.1386099633	0.427035	0.184364343643	-2.15868032617
9.399906	-44.174283368	-4.93060444293	18.5808559438	0.432523	0.0981847318473	-2.18488223909
9.433239	-44.2964564156	-4.29064398426	10.78732015	0.433209	0.0235814858149	-1.73885422135
9.466572	-44.4360827558	-4.30518854014	4.01191344905	0.4330375	-0.0191510248436	-1.22172373991
9.499905	-44.5931623885	-4.18883209311	1.17569669051	0.4316655	-0.0501642516425	-0.930763406842
9.533238	-44.7153354361	-4.13065386959	-3.29679896719	0.429436	-0.0726023926906	-0.924689327027
9.566571	-44.8549617763	-4.42154498717	-6.98145663641	0.4272065	-0.105616472831	-1.13263723596
9.599904	-45.0120414089	-4.69789154887	-7.90262105372	0.4227475	-0.15006400064	-1.31021474583
9.633237	-45.1691210416	-4.97423811056	-7.58748585832	0.417088	-0.194225692257	-1.42574136191
9.66657	-45.3436539668	-5.22149556051	-6.41178916782	0.410228	-0.248963322967	-1.3885822854
9.699903	-45.518186892	-5.42511934281	-4.77551026866	0.400281	-0.295840458405	-1.08487829468
9.733236	-45.7101731097	-5.51238667808	-3.87858702023	0.3898195	-0.322709060424	-0.727817681281
9.766569	-45.8847060349	-5.61419856923	-4.53309857989	0.3785005	-0.339430477638	-0.491285867335
9.799902	-46.0766922527	-5.89054513093	-3.1392313695	0.3671815	-0.352578942456	-0.339433871977
9.833235	-46.2861317629	-5.91963424269	0.521185130843	0.355005	-0.364441144411	-0.122910791537
9.866568	-46.4781179806	-5.7741886839	1.84232883461	0.3424855	-0.363869472028	0.223430857484
9.899901	-46.6701041983	-5.65783223687	-0.375738117584	0.330652	-0.354579795798	0.757711681936
9.933234	-46.8446371235	-5.80327779566	-2.37563454989	0.318304	-0.323137814711	1.55091504592
9.966567	-47.0540766338	-6.02144613384	1.11509376832	0.307671	-0.248391650583	2.23180748315
9.9999	-47.263516144	-5.7741886839	6.22998040124	0.3013255	-0.158067414007	2.42415334394
10.033233	-47.4380490692	-5.4978421222	8.71470021108	0.2975525	-0.0764611812785	2.2531263123
10.066566	-47.6300352869	-5.17786189287	10.2418938503	0.2965235	-0.00571672383391	1.9471594291
10.099899	-47.7871149196	-4.77061432826	10.0600850837	0.297381	0.0547376307096	1.58724042521
10.133232	-47.9441945523	-4.46517865481	8.49652969119	0.3006395	0.100042667093	1.24089877618
10.166565	-48.0838208924	-4.20337664899	6.59359793439	0.3044125	0.133056747234	1.01996901039
10.199898	-48.2234472326	-3.99975286668	3.92706935798	0.309386	0.166213745471	0.868712513052
10.233231	-48.3456202802	-3.94157464317	1.24842019714	0.3157315	0.191939002723	0.720552605424
10.266564	-48.4852466204	-3.94157464317	-0.727235066293	0.32242	0.211090027567	0.669339775617
10.299897	-48.607419668	-3.9852083108	-2.67864916085	0.329623	0.234099840998	0.695065290125
10.33323	-48.7470460082	-4.14519842547	-3.92706935798	0.3380265	0.257681326813	0.721981800675
10.366563	-48.8866723484	-4.24701031662	-5.16336897068	0.346773	0.282406157395	0.73091427099
10.399896	-49.0262986885	-4.46517865481	-7.05418014304	0.35672	0.309560595606	0.640994069817
10.433229	-49.1833783212	-4.72698066062	-8.75106196439	0.367696	0.328139948066	0.458414376575
10.466562	-49.3404579539	-5.03241633408	-10.8842848255	0.3788435	0.339144641446	0.26809320906
10.499895	-49.5149908791	-5.46875301045	-12.2296696982	0.390334	0.34729097291	-0.0320377935304
10.533228	-49.7069770968	-5.87600057505	-11.4903140474	0.401996	0.346862218622	-0.647187249236
10.566561	-49.8989633145	-6.39960458669	-4.90883669748	0.4141725	0.319850698507	-1.6552462992
10.599894	-50.1433094098	-6.5305055896	10.399461448	0.425663	0.226525181918	-2.35829126281
10.633227	-50.3702022126	-5.64328768099	23.1745574459	0.4289215	0.136343863439	-2.28564050425
10.66656	-50.5272818452	-4.50881232244	22.4230812107	0.433895	0.0687436041027	-1.93798875958
10.699893	-50.6494548929	-3.89794097553	13.5508134019	0.4337235	0.0032871162045	-1.43777042193
10.733226	-50.7716279405	-3.76703997262	7.38143592287	0.432866	-0.0261540115401	-0.991266005777
10.766559	-50.9112542807	-3.49069341092	3.5513312404	0.431837	-0.0501642516425	-0.883480863973
10.799892	-50.9985207433	-3.40342607565	-2.5695639009	0.430122	-0.0851791851252	-0.796895451718
10.833225	-51.1206937909	-3.76703997262	-5.76939819259	0.4258345	-0.110332769994	-0.590257638427
10.866558	-51.2603201311	-3.91248553141	-5.7087952704	0.4220615	-0.119336610033	-0.55917264173
10.899891	-51.3824931787	-4.0579310902	-7.41779767619	0.4179455	-0.131913402467	-0.93695658626
10.933224	-51.5221195189	-4.40700043129	-9.00559423759	0.414687	-0.181791817918	-1.31390683356
10.966557	-51.6791991516	-4.71243610475	-9.15104125085	0.4059405	-0.237101121011	-1.21695975574
10.99989	-51.8362787842	-5.0178717782	-8.75106196439	0.39788	-0.267113921139	-0.951605837577
11.033223	-52.0108117094	-5.36694111929	-6.15725689461	0.388276	-0.296983803171	-0.736154653575
11.066556	-52.2027979272	-5.46875301045	-2.32715221214	0.3778145	-0.316563582302	-0.517249581051
11.099889	-52.3773308523	-5.48329756632	0.618149806349	0.36701	-0.330569555696	-0.325499218285
11.133222	-52.5693170701	-5.42511934281	3.15135195394	0.355691	-0.33971631383	-0.0805113324408
11.166555	-52.7438499953	-5.23604011638	4.15736046231	0.344029	-0.337715460488	0.244273288219
11.199888	-52.9183829205	-5.06150544584	2.78773442079	0.333053	-0.327139521395	0.699471975481
11.233221	-53.0754625531	-5.03241633408	1.09085259944	0.321734	-0.297555475555	1.31271583752
11.266554	-53.2499954783	-5.10513911347	2.67864916085	0.31213	-0.235671940053	1.78125368045
11.299887	-53.4245284035	-4.93060444293	6.61783910327	0.3057845	-0.164784564512	1.83199011184
11.33322	-53.5816080362	-4.63971332535	9.89039690158	0.3016685	-0.106473981406	1.63023538232
11.366553	-53.7386876689	-4.20337664899	10.9206465788	0.2989245	-0.057167238339	1.40370793513
11.399886	-53.8608607165	-3.79612908438	8.36320326237	0.2978955	-0.0127197105304	1.17253560337
11.433219	-53.9830337642	-3.63613896971	4.99368078854	0.29841	0.0212947962813	0.960538307892
11.466552	-54.1052068118	-3.47614885504	1.69688182135	0.2996105	0.0467342173422	0.889197644975
11.499885	-54.2099265669	-3.49069341092	-2.15746403	0.3013255	0.0764611812785	0.948747447076
11.533218	-54.3320996146	-3.66522808147	-4.56946033321	0.304584	0.110189851899	1.02449479535
11.566551	-54.4542726622	-3.86885186377	-4.90883669748	0.3087	0.144633112998	1.10071854204
11.599884	-54.5938990024	-3.9852083108	-5.06640429517	0.3140165	0.184650179835	1.13263723596
11.633217	-54.71607205	-4.18883209311	-5.53910708826	0.321048	0.22338098381	1.06772795167
11.66655	-54.8731516827	-4.39245587541	-5.16336897068	0.3291085	0.256680900142	0.963277598789
11.699883	-55.0127780229	-4.50881232244	-5.41790124388	0.338198	0.28740829075	0.845726289441
11.733216	-55.1698576555	-4.72698066062	-6.18149806349	0.3483165	0.314848565152	0.676962150286
11.766549	-55.3269372882	-4.95969355469	-5.8663628681	0.359464	0.333713753804	0.471991731454
11.799882	-55.5014702134	-5.16331733699	-4.43613390439	0.370783	0.345004283376	0.278454874625
11.833215	-55.6760031386	-5.23604011638	-3.62405474703	0.382445	0.354008123415	-0.00119099604203
11.866548	-55.8505360638	-5.32330745166	-4.75126909978	0.3946215	0.351864351977	-0.50843621034
11.899881	-56.025068989	-5.55602034572	-5.00580137298	0.406455	0.327854111874	-1.22541582764
11.933214	-56.2170552067	-5.8469114633	0.836320326237	0.4176025	0.269257692577	-1.88606133215
11.966547	-56.426494717	-5.73055501626	13.4659693109	0.4251485	0.186222278889	-2.06780732816
11.99988	-56.6184809347	-4.97423811056	26.1077388799	0.4292645	0.121337463375	-1.88606133215
12.033213	-56.7755605674	-3.70886174911	29.5378642759	0.4333805	0.0570243202432	-1.54627016136
12.066546	-56.86282703	-2.55984183468	19.611105621	0.4323515	0.0142918095848	-1.07451662911
12.099879	-56.9151869075	-2.28349527298	5.33305715281	0.4337235	-0.00771757717577	-0.764381259771
12.133212	-57.0024533701	-2.4725744994	-2.32715221214	0.432523	-0.0410174935083	-0.38743101247
12.166545	-57.0897198327	-2.53075272292	-6.3754274145	0.429436	-0.0334428344283	-0.0865854122551
12.199878	-57.1595330028	-2.89436661989	-9.17528241973	0.4302935	-0.0267256839235	-0.343602358124
12.233211	-57.2817060505	-3.27252507274	-8.33896209349	0.4289215	-0.0533084497512	-0.710190939859
12.266544	-57.3864258056	-3.44705974329	-7.6117270272	0.426692	-0.0814633146331	-0.90861088046
12.299877	-57.5085988532	-3.69431719323	-9.17528241973	0.4237765	-0.119908282416	-0.948032849451
12.33321	-57.6307719009	-4.01429742256	-11.9993785938	0.4179455	-0.141203078697	-1.05569889165
12.366543	-57.770398241	-4.50881232244	-14.1083602861	0.41503	-0.180934309343	-1.37345663566
12.399876	-57.9274778737	-5.0905945576	-12.2660314515	0.406798	-0.243818271516	-1.38131720954
12.433209	-58.1194640914	-5.41057478693	-7.89050046928	0.39788	-0.283835338353	-1.07916151368
12.466542	-58.2939970166	-5.54147578984	-5.26033364618	0.38759	-0.314276892769	-0.773313730086
12.499875	-58.4859832343	-5.71601046039	-3.95131052686	0.376614	-0.33214165475	-0.544880689226
12.533208	-58.677969452	-5.80327779566	-2.77561383635	0.3654665	-0.348434317677	-0.383858024344
12.566541	-58.8699556698	-5.93417879857	-0.88480266399	0.35329	-0.360296519632	-0.140775732167
12.599874	-59.07939518	-5.90508968681	1.80596708129	0.3411135	-0.360868192015	0.234745319883
12.633207	-59.2713813977	-5.68692134863	1.28478195045	0.3291085	-0.351292679593	0.834769125855
12.66654	-59.4459143229	-5.7741886839	-0.109085259944	0.316932	-0.313848138481	1.65262610791
12.699873	-59.6553538332	-5.86145601917	2.94530201849	0.3068135	-0.235243185765	2.27134855174
12.733206	-59.8473400509	-5.65783223687	8.26623858686	0.3009825	-0.145061867285	2.3635316454
12.766539	-60.0393262686	-5.23604011638	11.7690874895	0.297724	-0.0690294402944	2.12747622987
12.799872	-60.1964059013	-4.77061432826	12.1205844382	0.2965235	-0.00114334476678	1.76636622993
12.833205	-60.353485534	-4.40700043129	11.1266965143	0.298067	0.0508788421218	1.34451543184
12.866538	-60.4931118741	-3.99975286668	8.86014722434	0.300468	0.0854650213169	1.0231846997
12.899871	-60.6152849218	-3.75249541674	4.73914851534	0.303898	0.113619886199	0.87347649722
12.933204	-60.7374579694	-3.69431719323	0.860561495113	0.308014	0.140917242506	0.836674719522
12.966537	-60.859631017	-3.72340630498	-2.15746403	0.3133305	0.167928762621	0.864186728093
12.99987	-60.9818040647	-3.88339641965	-3.74526059141	0.3191615	0.196798217982	0.935884689822
13.033203	-61.1214304048	-3.9852083108	-4.7270279309	0.326193	0.232098987657	0.953987829661
13.066536	-61.2436034525	-4.18883209311	-5.8663628681	0.334768	0.264112641126	0.863114831655
13.099869	-61.4006830852	-4.40700043129	-6.24210098568	0.344029	0.289552062187	0.749851108058
13.133202	-61.5403094253	-4.56699054596	-7.44203884506	0.353976	0.314991483248	0.600738403597
13.166535	-61.697389058	-4.91605988705	-8.31472092462	0.365295	0.331998736654	0.387550112075
13.199868	-61.8719219832	-5.17786189287	-7.96322397591	0.3764425	0.339001723351	0.197109844955
13.233201	-62.0464549084	-5.36694111929	-9.52677936844	0.3877615	0.346290546239	-0.0702687664794
13.266534	-62.2209878336	-5.78873323978	-11.0539730077	0.3997665	0.342860511938	-0.622057232749
13.299867	-62.4304273438	-6.23961447202	-8.07230923585	0.411257	0.313848138481	-1.43622212708
13.3332	-62.6398668541	-6.5305055896	0.775717404046	0.4217185	0.250392503925	-2.28945169158
13.366533	-62.8842129494	-6.26870358378	11.4297111252	0.429436	0.143346850135	-2.58505690921
13.399866	-63.0761991671	-5.48329756632	13.9750338573	0.430465	0.0565955659557	-2.21275154648
13.433199	-63.2332787998	-5.0905945576	8.96923248428	0.432523	-0.00771757717577	-1.68668859471
13.466532	-63.407811725	-4.94514899881	4.42401331995	0.4292645	-0.0503071697384	-1.3093810486
13.499865	-63.5648913576	-4.82879255178	0.775717404045	0.42875	-0.079748297483	-1.34785022076
13.533198	-63.7219709903	-4.93060444293	-1.36962604152	0.42532	-0.142203505368	-1.35702089028
13.566531	-63.8965039155	-4.97423811056	-1.78172591242	0.41846	-0.183220998877	-1.04497992727
13.599864	-64.0535835482	-5.03241633408	-2.18170519888	0.4124575	-0.207231238979	-0.832982631792
13.633197	-64.2281164734	-5.16331733699	-1.26054078157	0.4049115	-0.234099840998	-0.740799538139
13.66653	-64.4026493986	-5.16331733699	0.654511559665	0.3966795	-0.255966309663	-0.691254102791
13.699863	-64.5771823238	-5.04696088996	0.593908637473	0.387933	-0.280119467861	-0.638373878525
13.733196	-64.7342619565	-5.04696088996	-1.61203773028	0.377986	-0.30184301843	-0.487236480792
13.766529	-64.9087948817	-5.19240644875	-2.99378435624	0.3675245	-0.314705647056	-0.278335775021
13.799862	-65.0833278069	-5.27967378402	-3.32104013607	0.35672	-0.318564435644	-0.110881731512
13.833195	-65.2578607321	-5.43966389869	-2.66652857641	0.3462585	-0.319707780411	0.0047639841681
13.866528	-65.4498469498	-5.48329756632	-1.21205844382	0.335454	-0.320708207082	0.220572466983
13.899861	-65.624379875	-5.4978421222	-0.242411688766	0.3246495	-0.311561448948	0.667076883138
13.933194	-65.8163660927	-5.4978421222	0.94540558618	0.3143595	-0.286264945983	1.39560916204
13.966527	-65.9908990179	-5.46875301045	3.22407546057	0.304241	-0.220236785701	2.12878632551
13.99986	-66.1828852356	-5.35239656341	7.24810949405	0.298753	-0.126482514825	2.32851636176
14.033193	-66.3574181608	-4.95969355469	10.2661350192	0.2965235	-0.0495925792591	2.03946162236
14.066526	-66.5144977935	-4.5379014342	9.56314112175	0.296009	0.00986134861349	1.660724881
14.099859	-66.6541241337	-4.2615548725	6.89661254534	0.297381	0.0584535012017	1.33427286588
14.133192	-66.7937504738	-4.13065386959	5.15124838624	0.300125	0.0978988956556	1.06415496355
14.166525	-66.933376814	-3.94157464317	3.9634311113	0.304241	0.127054187209	0.88764935012
14.199858	-67.0555498616	-3.79612908438	1.16357610607	0.3087	0.152350690174	0.855849755798
14.233191	-67.1777229093	-3.88339641965	-1.17569669051	0.314188	0.182506408397	0.88252806714
14.266524	-67.3173492494	-3.92703008729	-2.23018753663	0.3208765	0.212805044717	0.870260807907
14.299857	-67.4395222971	-3.99975286668	-3.83010468248	0.3284225	0.241674500078	0.814283993932
14.33319	-67.5791486372	-4.18883209311	-5.09064546405	0.3369975	0.268971856385	0.698638278251
14.366523	-67.7187749774	-4.39245587541	-5.00580137298	0.3466015	0.288980389804	0.557147948459
14.399856	-67.8758546101	-4.50881232244	-5.07852487961	0.356377	0.304558462251	0.445670718925
14.433189	-68.0154809502	-4.71243610475	-5.53910708826	0.3668385	0.319850698507	0.297391711693
14.466522	-68.1900138754	-4.91605988705	-5.16336897068	0.377986	0.326567849012	0.0699114676668
14.499855	-68.3470935081	-5.03241633408	-5.38153949057	0.3887905	0.325853258533	-0.24570248347
14.533188	-68.5216264333	-5.25058467226	-5.85424228366	0.3997665	0.317135254686	-0.777601315837
14.566521	-68.6961593585	-5.48329756632	-4.0603957868	0.4107425	0.281119894532	-1.47885978538
14.599854	-68.8881455762	-5.64328768099	1.72112299023	0.4196605	0.210804191375	-1.93596406631
14.633187	-69.0801317939	-5.4978421222	10.78732015	0.4248055	0.13662969963	-1.92131481499
14.66652	-69.2721180117	-4.85788166353	17.1748681489	0.4282355	0.0766040993743	-1.65739009208
14.699853	-69.4117443518	-4.01429742256	13.8780691818	0.429779	0.0247248305816	-1.30854735137
14.733186	-69.5164641069	-3.7815845285	5.72091585484	0.429436	-0.0114334476678	-0.951367638369
14.766519	-69.6560904471	-3.81067364026	1.34538487264	0.4285785	-0.0338715887159	-0.755448789456
14.799852	-69.7782634947	-3.73795086086	-1.68476123691	0.4272065	-0.0555951392847	-0.765929554626
14.833185	-69.9004365424	-3.82521819614	-6.54511559664	0.424977	-0.0810345603456	-0.917066952358
14.866518	-70.02260959	-4.20337664899	-10.3388585258	0.4220615	-0.115191985253	-1.11798798465
14.899851	-70.1796892227	-4.63971332535	-10.5691496301	0.4176025	-0.158639086391	-1.22541582764
14.933184	-70.3367688554	-4.95969355469	-8.79954430214	0.4114285	-0.201228678953	-1.196117325
14.966517	-70.5113017806	-5.22149556051	-6.67844202546	0.404054	-0.240102401024	-1.09250066935
14.99985	-70.6858347058	-5.42511934281	-4.02403403349	0.3953075	-0.274545662123	-0.947318251826
15.033183	-70.8778209235	-5.48329756632	-1.67264065247	0.3857035	-0.305130134635	-0.7368692512
15.066516	-71.0523538487	-5.4978421222	-0.436341039777	0.3747275	-0.326853685204	-0.442574129216
15.099849	-71.2443400664	-5.4978421222	0.315135195393	0.3634085	-0.333284999517	-0.182936992055
15.133182	-71.4188729916	-5.48329756632	1.06661143056	0.3524325	-0.335142934763	-0.0178649406304
15.166515	-71.6108592093	-5.43966389869	1.93929351012	0.3411135	-0.336000443338	0.210449000626
15.199848	-71.7853921345	-5.30876289578	1.70900240579	0.3297945	-0.326853685204	0.631823400294
15.233181	-71.9599250597	-5.2942183399	1.00600850837	0.31899	-0.302128854622	1.28365553409
15.266514	-72.1344579849	-5.35239656341	3.33316072051	0.3085285	-0.242389090558	1.92584059995
15.299847	-72.3264442026	-5.14877278111	7.80565637821	0.3020115	-0.158210332103	2.09936872328
15.33318	-72.4835238353	-4.75606977238	10.4237026169	0.2985815	-0.0883233832338	1.82639243044
15.366513	-72.640603468	-4.40700043129	11.5630375541	0.296695	-0.0358724420578	1.46444873327
15.399846	-72.7802298082	-3.97066375492	11.8781727494	0.296352	0.00700298669653	1.14156970628
15.433179	-72.9024028558	-3.60704985795	11.369108203	0.297381	0.040302903029	0.847036385087
15.466512	-73.0245759034	-3.17071318159	9.02983540647	0.299439	0.0614547812145	0.644447958339
15.499845	-73.111842366	-2.85073295225	2.32715221214	0.3016685	0.0767470174702	0.645519854777
15.533178	-73.1991088286	-2.98163395516	-5.26033364619	0.304241	0.100185585189	0.794989858051
15.566511	-73.3038285838	-3.34524785213	-8.96923248428	0.3081855	0.129912549125	0.964349495227
15.599844	-73.4260016314	-3.66522808147	-9.78131164164	0.312816	0.164212892129	1.1335900328
15.633177	-73.548174679	-3.9852083108	-10.0722056682	0.3188185	0.207517075171	1.2300607122
15.66651	-73.6878010192	-4.37791131953	-9.04195599091	0.3267075	0.250106667733	1.20088130917
15.699843	-73.8448806519	-4.63971332535	-6.77540670096	0.3356255	0.288837471708	1.10429153016
15.733176	-74.0019602846	-4.77061432826	-6.13301572574	0.3459155	0.326424930916	0.913255765024
15.766509	-74.1590399172	-4.98878266644	-7.38143592287	0.357749	0.35243602436	0.638731177337
15.799842	-74.3335728424	-5.25058467226	-9.40557352405	0.369754	0.367728260616	0.362539195192
15.833175	-74.5081057676	-5.58510945748	-12.0114991783	0.3822735	0.378161281613	-0.00821787268997
15.866508	-74.7000919854	-6.07962435736	-12.8478195045	0.395136	0.37687501875	-0.659573608073
15.899841	-74.9095314956	-6.63231748075	-7.52688293613	0.408513	0.341002576692	-1.5019651086
15.933174	-75.1538775909	-6.79230759542	3.98767228017	0.4189745	0.268543102098	-2.12997732156
15.966507	-75.3807703936	-6.35597091906	14.7022689236	0.4261775	0.192939429394	-2.49763779973
15.99984	-75.5902099039	-5.55602034572	17.4900033443	0.4326945	0.0960409604096	-2.561951586
16.033173	-75.7472895366	-4.85788166353	10.6055113834	0.432866	-0.00271544382111	-1.91929012172
16.066506	-75.8869158767	-4.88697077529	3.83010468247	0.430122	-0.036587032537	-1.14073600905
16.099839	-76.0789020944	-4.84333710766	3.11499020062	0.430122	-0.0570243202432	-0.936003789427
16.133172	-76.2185284346	-4.62516876947	1.76960532798	0.427035	-0.0910388270549	-1.02235100247
16.166505	-76.3756080673	-4.68334699299	-0.266652857641	0.423948	-0.125910842442	-1.15776725245
16.199838	-76.5326877	-4.69789154887	-1.34538487264	0.418803	-0.167500008333	-1.28901501628
16.233171	-76.6897673326	-4.7415252165	-3.41800481158	0.4131435	-0.216806751401	-1.26436139821
16.266504	-76.8468469653	-4.85788166353	-6.96933605197	0.404054	-0.258395917293	-1.06082017463
16.299837	-77.003926598	-5.23604011638	-9.52677936844	0.3953075	-0.283692420258	-0.936837486656
16.33317	-77.1959128157	-5.62874312511	-8.29047975574	0.385532	-0.316849418494	-0.902417701042
16.366503	-77.3878990334	-5.80327779566	-6.06029221911	0.374213	-0.348863071964	-0.734963657533
16.399836	-77.5798852511	-6.00690157796	-4.04827520236	0.361865	-0.369443277766	-0.441859531591
16.433169	-77.7893247614	-6.13780258087	-0.67875272854	0.3493455	-0.380019216859	-0.0398983674078
16.466502	-77.9987642716	-6.02144613384	1.52719363922	0.3363115	-0.378018363517	0.565484920753
16.499835	-78.1907504893	-5.90508968681	0.533305715281	0.323449	-0.350006416731	1.37798242062
16.533168	-78.3827367071	-6.00690157796	0.315135195393	0.311787	-0.284121174545	2.10746749636
16.566501	-78.5921762173	-6.06507980148	4.93307786635	0.303898	-0.196369463695	2.42808363087
16.599834	-78.8016157275	-5.71601046039	10.7751995656	0.2989245	-0.111904869049	2.37829999632
16.633167	-78.9761486527	-5.23604011638	13.5386928175	0.2965235	-0.0321565715657	2.09639123317
16.6665	-79.1506815779	-4.72698066062	13.1265929466	0.2972095	0.0321565715657	1.67251574181
16.699833	-79.2903079181	-4.27609942838	9.55102053731	0.2992675	0.0771757717577	1.31354953475
16.733166	-79.4299342583	-4.02884197844	3.92706935798	0.302526	0.114334476678	1.12942154665
16.766499	-79.5521073059	-4.01429742256	-1.73324357466	0.306985	0.147920229202	1.11000831117
16.799832	-79.6917336461	-4.20337664899	-5.57546884158	0.3123015	0.184507261739	1.21660245693
16.833165	-79.8313599862	-4.45063409893	-7.30871241624	0.31899	0.229383543835	1.3179562201
16.866498	-79.9884396189	-4.71243610475	-8.15715332692	0.327565	0.275974843082	1.30866645098
16.899831	-80.1455192516	-4.98878266644	-8.90862956209	0.337512	0.318993189932	1.19957121353
16.933164	-80.3200521768	-5.2942183399	-9.69646755057	0.348831	0.359439011057	0.965897790081
16.966497	-80.494585102	-5.68692134863	-9.04195599091	0.361865	0.387022203555	0.608956276287
16.99983	-80.7040246122	-5.94872335445	-7.11478306523	0.3750705	0.399884832182	0.205565916853
17.033163	-80.8960108299	-6.09416891324	-6.66632144102	0.388619	0.404458211249	-0.367064980152
17.066496	-81.1054503402	-6.35597091906	-6.30270390787	0.4025105	0.386307613076	-1.25519072869
17.099829	-81.3148898504	-6.67595114839	-0.799958572923	0.4155445	0.328139948066	-2.28182931691
17.133162	-81.5592359457	-6.66140659251	11.2963846964	0.4261775	0.217807178072	-2.77633087356
17.166495	-81.7861287485	-5.87600057505	21.3443491957	0.429779	0.113905722391	-2.39878512824
17.199828	-81.9606616737	-4.8142479959	19.3565733478	0.4323515	0.0498784154508	-1.72896895421
17.233161	-82.0828347213	-4.36336676365	10.1085674215	0.4323515	0.010290102901	-1.32617409279
17.266494	-82.239914354	-4.30518854014	3.76950176029	0.433209	-0.0272973563069	-1.25185593977
17.299827	-82.3795406941	-4.13065386959	-1.79384649686	0.431151	-0.078747870812	-1.12346656644
17.33316	-82.5017137418	-4.34882220777	-8.15715332692	0.426692	-0.101043093764	-1.0627257683
17.366493	-82.6587933745	-4.84333710766	-9.58738229063	0.4248055	-0.134200092001	-1.3716701416
17.399826	-82.8333262997	-5.13422822523	-6.99357722085	0.419146	-0.201085760858	-1.46218584079
17.433159	-83.0078592249	-5.25058467226	-5.63607176377	0.4103995	-0.244532861995	-1.22875061656
17.466492	-83.18239215	-5.38148567517	-7.50264176726	0.402339	-0.275546088794	-1.14407079797
17.499825	-83.3569250752	-5.75964412802	-9.12680008198	0.3925635	-0.316849418494	-1.13442373003
17.533158	-83.5663645855	-6.13780258087	-6.73904494765	0.3812445	-0.357438157715	-0.956727120558
17.566491	-83.7758040957	-6.2541590279	-2.73925208304	0.368382	-0.387165121651	-0.574893789485
17.599824	-83.985243606	-6.26870358378	0.0606029221912	0.3548335	-0.397455224552	-0.0884910059224
17.633157	-84.1946831162	-6.22506991615	1.75748474354	0.341628	-0.394025190252	0.474969221559
17.66649	-84.4041226264	-6.09416891324	1.79384649686	0.328251	-0.373730820642	1.24768745362
17.699823	-84.5961088442	-6.07962435736	1.59991714584	0.3153885	-0.312418957523	2.02528876946
17.733156	-84.8055483544	-6.12325802499	5.34517773725	0.306642	-0.225238919056	2.39592673774
17.766489	-85.0149878646	-5.8469114633	12.4235990492	0.3006395	-0.141060160602	2.36758103194
17.799822	-85.2069740824	-5.22149556051	17.4172798377	0.297381	-0.0624552078854	2.10675289874
17.833155	-85.364053715	-4.52335687832	17.3687975	0.296695	0.00500213335467	1.65476990079
17.866488	-85.5036800552	-3.97066375492	13.7932250907	0.29841	0.0500213335467	1.1533605671
17.899821	-85.6258531028	-3.54887163444	8.15715332692	0.3006395	0.0753178365117	0.853110464902
17.933154	-85.730572858	-3.43251518741	2.4119963032	0.3033835	0.0990422404224	0.812854798681
17.966487	-85.8527459056	-3.43251518741	-2.19382578332	0.3071565	0.12562500625	0.928619613966
17.99982	-85.9574656607	-3.54887163444	-7.13902423411	0.3116155	0.158210332103	1.13132714032
18.033153	-86.0796387084	-3.94157464317	-10.6539937212	0.317275	0.203086614199	1.26710068911
18.066486	-86.2192650485	-4.37791131953	-10.6539937212	0.325164	0.248534568679	1.22243833753
18.099819	-86.3763446812	-4.69789154887	-8.90862956209	0.334082	0.287265372654	1.06677515484
18.133152	-86.5334243139	-4.95969355469	-7.18750657186	0.344372	0.321708633753	0.82869504604
18.166485	-86.7079572391	-5.17786189287	-5.62395117933	0.3558625	0.344432610993	0.538330210995
18.199818	-86.8824901643	-5.2942183399	-5.27245423062	0.367696	0.355723140565	0.293342325151
18.233151	-87.0570230895	-5.4978421222	-5.92696579029	0.379701	0.361439864399	0.0853944162131
18.266484	-87.2490093072	-5.71601046039	-5.92696579029	0.391706	0.36587032537	-0.301202899028
18.299817	-87.4409955249	-5.87600057505	-5.62395117933	0.404397	0.353722287223	-1.04807651698
18.33315	-87.6329817426	-6.18143624851	-2.03625818562	0.416402	0.304987216539	-1.99872955772
18.366483	-87.8598745454	-6.22506991615	7.15114481855	0.4265205	0.204658713254	-2.47524707414
18.399816	-88.0693140556	-5.67237679275	14.9810423656	0.429436	0.11633533002	-2.23954895742
18.433149	-88.2438469808	-4.93060444293	14.3750131437	0.4333805	0.0531655316553	-1.84080348255
18.466482	-88.383473321	-4.55244599008	8.24199741799	0.4330375	-0.00485921525882	-1.45551626296
18.499815	-88.5405529537	-4.43608954305	2.61804623865	0.4323515	-0.0407316573166	-1.20850368384
18.533148	-88.6801792938	-4.37791131953	-2.60592565422	0.4302935	-0.0770328536619	-1.21564966009
18.566481	-88.819805634	-4.66880243711	-5.47850416607	0.427378	-0.116764084308	-1.34356263501
18.599814	-88.9943385592	-4.88697077529	-4.12099870899	0.423262	-0.17450299503	-1.25781091998
18.633147	-89.1514181919	-4.95969355469	-1.92717292568	0.41503	-0.21237629043	-0.864067628488
18.66648	-89.3259511171	-4.97423811057	-0.67875272854	0.40817	-0.224953082864	-0.649092842903
18.699813	-89.4830307497	-4.97423811057	-0.618149806349	0.4004525	-0.245819124858	-0.695065290125
18.733146	-89.6575636749	-4.98878266644	-1.57567597697	0.392049	-0.272687726877	-0.726507585635
18.766479	-89.8146433076	-5.04696088996	-3.32104013607	0.3822735	-0.30012800128	-0.600738403597
18.799812	-89.9891762328	-5.23604011638	-4.08463695568	0.3716405	-0.315706073727	-0.372781761154
18.833145	-90.163709158	-5.41057478693	-2.26654928995	0.3610075	-0.323137814711	-0.178053908283
18.866478	-90.3556953757	-5.42511934281	0.593908637472	0.3500315	-0.326710767108	0.0051212829807
18.899811	-90.5302283009	-5.2942183399	1.3332642882	0.3390555	-0.323995323287	0.256302348244
18.933144	-90.7047612261	-5.26512922814	6.33573608456E-013	0.3284225	-0.315706073727	0.7085235454
18.966477	-90.8792941513	-5.2942183399	-1.30902311933	0.3174465	-0.286264945983	1.40799552088
18.99981	-91.0538270765	-5.42511934281	-0.399979286462	0.308014	-0.217807178072	1.97228944559
19.033143	-91.2458132943	-5.41057478693	3.2967989672	0.3026975	-0.139202225356	2.07900269096
19.066476	-91.4203462195	-5.20695100463	7.32083300068	0.2992675	-0.0726023926906	1.92929448847
19.099809	-91.5948791447	-4.90151533117	10.5570290457	0.2978955	-0.0101471848052	1.69990865078
19.133142	-91.7519587773	-4.45063409893	11.7327257362	0.298753	0.0438758554252	1.37702962379
19.166475	-91.8915851175	-4.01429742256	9.57526170619	0.3013255	0.0823208232082	1.0485529154
19.199808	-92.0137581651	-3.75249541674	5.49062475051	0.304584	0.109189425228	0.852395867277
19.233141	-92.1359312128	-3.67977263735	2.08474052337	0.3085285	0.135629272959	0.775576622566
19.266474	-92.2581042604	-3.66522808147	0.0969646755051	0.3136735	0.160497021637	0.738536645659
19.299807	-92.3802773081	-3.67977263735	-1.56355539253	0.319333	0.183078080781	0.75699708431
19.33314	-92.5024503557	-3.73795086086	-3.90282818911	0.3256785	0.210518355184	0.788082081007
19.366473	-92.6246234033	-3.94157464317	-6.10877455686	0.333396	0.237529875299	0.767596949084
19.399806	-92.7642497435	-4.18883209311	-6.99357722085	0.341628	0.261683033497	0.731628868615
19.433139	-92.9038760837	-4.43608954305	-7.01781838973	0.3507175	0.287694126941	0.645996253194
19.466472	-93.0609557163	-4.66880243711	-6.67844202546	0.3610075	0.307273906072	0.492119564564
19.499805	-93.218035349	-4.82879255178	-7.6117270272	0.371469	0.319279026124	0.354202222898
19.533138	-93.3751149817	-5.17786189287	-8.67833845776	0.3822735	0.330140801408	0.190678466328
19.566471	-93.5671011994	-5.45420845457	-8.55713261338	0.393421	0.338430050967	-0.202945725561
19.599804	-93.7416341246	-5.68692134863	-8.96923248428	0.4052545	0.32871162045	-0.951010339556
19.633137	-93.9336203423	-6.16689169263	-5.23609247731	0.4165735	0.27983363167	-1.82543963361
19.66647	-94.1605131451	-6.34142636318	6.21785981681	0.424977	0.194940282736	-2.32172768432
19.699803	-94.3874059479	-5.68692134863	15.2840569766	0.429436	0.111047360474	-2.33744883208
19.733136	-94.5444855805	-4.87242621941	12.1205844382	0.432523	0.0257252572526	-1.91666993043
19.766469	-94.6841119207	-4.75606977238	4.53309857989	0.429779	-0.0195797791311	-1.39298897075
19.799802	-94.8586448459	-4.79970344002	1.95141409455	0.4309795	-0.0550234669013	-1.20433519769
19.833135	-95.0157244786	-4.62516876947	-0.0775717404041	0.426349	-0.0946117794511	-1.18680373596
19.866468	-95.1553508187	-4.7415252165	-3.03863051866	0.424634	-0.132913829138	-1.21873433984
19.899801	-95.3298837439	-4.91605988705	-3.67374914322	0.4179455	-0.182935162685	-1.0537575681
19.933134	-95.4869633766	-5.00914504467	-3.54527094818	0.4116	-0.207345573456	-0.777732325402
19.966467	-95.6614963018	-5.15604505905	-3.03499434333	0.404054	-0.230169593363	-0.604763970219
19.9998	-95.836029227	-5.20695100463	-2.23745988729	0.3956505	-0.242960762941	-0.469990858104
Vernier Format 2
Sin título.cmbl 8/09/2026 13:55:56 .
Equiparación gráfica
Tiempo	Angulo
t	Angulo
s	rad

0.05	-22.0132450331
0.1	-20.2890170666
0.15	-18.5647891001
0.2	-16.8405611337
0.25	-15.1163331672
0.3	-13.3921052007
0.35	-11.6678772342
0.4	-9.94364926773
0.45	-8.21942130124
0.5	-6.49519333476
0.55	-4.77096536827
0.6	-3.04673740179
0.65	-1.32250943531
0.7	0.401718531178
0.75	2.12594649766
0.8	3.85017446415
0.85	5.57440243063
0.9	7.29863039711
0.95	9.0228583636
1	10.7470863301
1.05	12.4713142966
1.1	14.195542263
1.15	15.9197702295
1.2	17.643998196
1.25	19.3682261625
1.3	21.092454129
1.35	22.8166820955
1.4	24.540910062
1.45	26.2651380284
1.5	27.9893659949
1.55	29.7135939614
1.6	31.4378219279
1.65	33.1620498944
1.7	34.8862778609
1.75	36.6105058273
1.8	38.3347337938
1.85	40.0589617603
1.9	41.7831897268
1.95	43.5074176933
2	45.2316456598
2.05	46.9558736262
2.1	48.6801015927
2.15	50.4043295592
2.2	52.1285575257
2.25	53.8527854922
2.3	55.5770134587
2.35	54.6611977498
2.4	53.7453820409
2.45	52.829566332
2.5	51.9137506231
2.55	50.9979349142
2.6	50.0821192053
2.65	49.1663034964
2.7	48.2504877875
2.75	47.3346720786
2.8	46.4188563697
2.85	45.5030406608
2.9	44.5872249519
2.95	43.671409243
3	42.7555935341
3.05	41.8397778253
3.1	40.9239621164
3.15	40.0081464075
3.2	39.0923306986
3.25	38.1765149897
3.3	37.2606992808
3.35	36.3448835719
3.4	35.429067863
3.45	34.5132521541
3.5	33.5974364452
3.55	32.6816207363
3.6	31.7658050274
3.65	30.8499893185
3.7	29.9341736096
3.75	29.0183579007
3.8	28.1025421918
3.85	28.1025421918
3.9	28.1025421918
3.95	28.1025421918
4	28.1025421918
4.05	28.1025421918
4.1	28.1025421918
4.15	28.1025421918
4.2	28.1025421918
4.25	28.1025421918
4.3	28.1025421918
4.35	28.1025421918
4.4	28.1025421918
4.45	28.1025421918
4.5	28.1025421918
4.55	28.1025421918
4.6	28.1025421918
4.65	28.1025421918
4.7	28.1025421918
4.75	28.1025421918
4.8	28.1025421918
4.85	28.1025421918
4.9	28.1025421918
4.95	28.1025421918
5	28.1025421918
5.05	28.1025421918
5.1	28.1025421918
5.15	28.1025421918
5.2	28.1025421918
5.25	28.1025421918
5.3	28.1025421918
5.35	28.1025421918
5.4	28.1025421918
5.45	28.1025421918
5.5	28.1025421918
5.55	28.1025421918
5.6	28.1025421918
5.65	28.1025421918
5.7	28.1025421918
5.75	28.1025421918
5.8	28.1025421918
5.85	28.1025421918
5.9	28.1025421918
5.95	28.1025421918
6	28.1025421918
6.05	28.1025421918
6.1	28.1025421918
6.15	28.1025421918
6.2	28.1025421918
6.25	28.1025421918
6.3	28.1025421918
6.35	28.1025421918
6.4	28.1025421918
6.45	28.1025421918
6.5	28.1025421918
6.55	28.1025421918
6.6	28.1025421918
6.65	28.1025421918
6.7	28.1025421918
6.75	28.1605331385
6.8	28.3345059785
6.85	28.6244607118
6.9	29.0303973384
6.95	29.5523158583
7	30.1902162715
7.05	30.944098578
7.1	31.8139627779
7.15	32.7998088711
7.2	33.9016368575
7.25	35.1194467373
7.3	36.4532385105
7.35	37.9030121769
7.4	39.4687677366
7.45	41.1505051897
7.5	42.9482245361
7.55	44.8619257757
7.6	46.8916089087
7.65	49.037273935
7.7	51.2989208547
7.75	53.6765496676
7.8	56.1701603739
7.85	58.7797529734
7.9	61.5053274663
7.95	64.3468838525
8	67.304422132
8.05	68.3878210755
8.1	69.4003841782
8.15	70.3421114401
8.2	71.2130028611
8.25	72.0130584413
8.3	72.7422781806
8.35	73.4006620792
8.4	73.9882101368
8.45	74.5049223537
8.5	74.9507987297
8.55	75.325839265
8.6	75.6300439593
8.65	75.8634128129
8.7	76.0259458256
8.75	76.1176429975
8.8	76.1385043285
8.85	76.0885298187
8.9	75.9677194681
8.95	75.7760732767
9	75.5135912444
9.05	75.1802733713
9.1	74.7761196574
9.15	74.3011301026
9.2	73.755304707
9.25	73.1386434706
9.3	72.4511463934
9.35	71.6928134753
9.4	70.8636447164
9.45	69.9636401166
9.5	68.992799676
9.55	67.9511233946
9.6	66.8386112724
9.65	65.6552633093
9.7	64.4010795054
9.75	63.0760598607
9.8	61.6802043751
9.85	60.2135130488
9.9	58.6759858815
9.95	57.0676228735
10	55.3884240246
10.05	53.6383893349
10.1	51.8175188043
10.15	49.925812433
10.2	47.9632702208
10.25	45.9298921677
10.3	43.8256782739
10.35	44.4591011817
10.4	45.0925240895
10.45	45.7259469974
10.5	46.3593699052
10.55	46.9927928131
10.6	47.6262157209
10.65	48.2596386287
10.7	48.8930615366
10.75	49.5264844444
10.8	50.1599073522
10.85	50.7933302601
10.9	51.4267531679
10.95	52.0601760757
11	52.6935989836
11.05	53.3270218914
11.1	53.9604447992
11.15	54.5938677071
11.2	55.2272906149
11.25	55.8607135228
11.3	56.4941364306
11.35	57.1275593384
11.4	57.7609822463
11.45	58.3944051541
11.5	59.0278280619
11.55	59.6612509698
11.6	60.2946738776
11.65	60.9280967854
11.7	61.5615196933
11.75	62.1949426011
11.8	62.8283655089
11.85	63.4617884168
11.9	64.0952113246
11.95	64.7286342325
12	65.3620571403
12.05	65.9954800481
12.1	66.628902956
12.15	67.2623258638
12.2	67.8957487716
12.25	66.9579974289
12.3	66.0202460863
12.35	65.0824947436
12.4	64.1447434009
12.45	63.2069920582
12.5	62.2692407155
12.55	61.3314893729
12.6	60.3937380302
12.65	59.4559866875
12.7	58.5182353448
12.75	57.5804840021
12.8	56.6427326595
12.85	55.7049813168
12.9	54.7672299741
12.95	53.8294786314
13	52.8917272887
13.05	51.9539759461
13.1	51.0162246034
13.15	50.0784732607
13.2	49.140721918
13.25	48.2029705753
13.3	47.2652192327
13.35	46.32746789
13.4	45.3897165473
13.45	44.4519652046
13.5	43.5142138619
13.55	42.5764625193
13.6	41.6387111766
13.65	40.7009598339
13.7	39.7632084912
13.75	38.8254571485
13.8	37.8877058059
13.85	36.9499544632
13.9	36.0122031205
13.95	35.0744517778
14	34.1367004351
14.05	33.1989490924
14.1	32.2611977498
14.15	31.3234464071
14.2	30.3856950644
14.25	29.4479437217
14.3	28.510192379
14.35	27.5724410364
14.4	26.6346896937
14.45	25.696938351
14.5	24.7591870083
14.55	23.8214356656
14.6	22.883684323
14.65	21.9459329803
14.7	21.0081816376
14.75	20.0704302949
14.8	19.1326789522
14.85	18.1949276096
14.9	17.2571762669
14.95	16.3194249242
15	15.3816735815
15.05	14.4439222388
15.1	14.4439222388
15.15	14.4439222388
15.2	14.4439222388
15.25	14.4439222388
15.3	14.4439222388
15.35	14.4439222388
15.4	14.4439222388
15.45	14.4439222388
15.5	14.4439222388
15.55	14.4439222388
15.6	14.4439222388
15.65	14.4439222388
15.7	14.4439222388
15.75	14.4439222388
15.8	14.4439222388
15.85	14.4439222388
15.9	14.4439222388
15.95	14.4439222388
16	14.4439222388
16.05	14.4439222388
16.1	14.4439222388
16.15	14.4439222388
16.2	14.4439222388
16.25	14.4439222388
16.3	14.4439222388
16.35	14.4439222388
16.4	14.4439222388
16.45	14.4439222388
16.5	14.4439222388
16.55	14.4439222388
16.6	14.4439222388
16.65	14.4439222388
16.7	14.4439222388
16.75	14.4439222388
16.8	14.4439222388
16.85	14.4439222388
16.9	14.4439222388
16.95	14.4439222388
17	14.4439222388
17.05	14.4439222388
17.1	14.4439222388
17.15	14.4439222388
17.2	14.4439222388
17.25	13.0291707727
17.3	11.6144193066
17.35	10.1996678405
17.4	8.78491637436
17.45	7.37016490824
17.5	5.95541344212
17.55	4.540661976
17.6	3.12591050989
17.65	1.71115904377
17.7	0.296407577647
17.75	-1.11834388847
17.8	-2.53309535459
17.85	-3.94784682071
17.9	-5.36259828683
17.95	-6.77734975295
18	-8.19210121907
18.05	-9.60685268519
18.1	-11.0216041513
18.15	-12.4363556174
18.2	-13.8511070835
18.25	-15.2658585497
18.3	-16.6806100158
18.35	-18.0953614819
18.4	-19.510112948
18.45	-20.9248644141
18.5	-22.3396158803
18.55	-23.7543673464
18.6	-25.1691188125
18.65	-26.5838702786
18.7	-27.9986217447
18.75	-29.4133732109
18.8	-29.114291818
18.85	-28.8152104251
18.9	-28.5161290323
18.95	-28.2170476394
19	-27.9179662465
19.05	-27.6188848537
19.1	-27.3198034608
19.15	-27.0207220679
19.2	-26.7216406751
19.25	-26.4225592822
19.3	-26.1234778893
19.35	-25.8243964965
19.4	-25.5253151036
19.45	-25.2262337107
19.5	-24.9271523179
19.55	-24.628070925
19.6	-24.3289895322
19.65	-24.0299081393
19.7	-23.7308267464
19.75	-23.4317453536
19.8	-23.1326639607
19.85	-22.8335825678
19.9	-22.534501175
19.95	-22.2354197821
20	-21.9363383892
20.05	-21.6372569964
